95
62
140
1
160
203
42
29
-1
5
-1
-1
-1
25
-1
-1
126
63
-1
-1
2
175
147
-1
186
-1
118
0
209
-1
-1
19
-1
2
36
135
-1
6
63
-1
0
24
5
0
0
158
-1
94
98
-1
-1
145
20
-1
-1
6
-1
206
64
-1
-1
114
38
50
-1
53
4
3
53
-1
12
66
98
40
-1
26
-1
-1
-1
5
-1
3
-1
67
-1
29
55
-1
135
-1
79
12
17
5
-1
78
187
87
-1
-1
-1
105
69
-1
2
-1
-1
8
1
109
36
8
-1
-1
-1
16
19
-1
59
-1
-1
88
17
-1
-1
126
-1
-1
0
94
8
-1
-1
12
7
124
-1
1
64
165
-1
100
1
-1
130
142
-1
85
152
7
14
201
2
-1
140
-1
9
43
194
-1
2
30
20
124
0
-1
-1
109
-1
-1
36
57
-1
-1
-1
-1
-1
161
-1
0
-1
-1
185
88
-1
-1
0
1
67
24
196
4
84
28
5
-1
110
16
203
-1
-1
-1
-1
-1
-1
92
-1
-1
144
132
47
87
-1
191
1
28
40
-1
-1
2
143
-1
4
4
-1
-1
2
2
-1
-1
-1
-1
-1
13
5
128
-1
-1
4
-1
152
159
1
-1
-1
-1
-1
-1
43
-1
4
-1
43
72
3
64
0
84
0
-1
16
187
-1
0
7
-1
-1
2
213
55
1
-1
19
-1
134
82
84
-1
-1
191
-1
-1
25
100
-1
-1
150
111
-1
-1
-1
192
123
-1
3
-1
-1
-1
206
2
-1
83
213
-1
13
62
-1
-1
199
-1
93
48
-1
-1
-1
-1
173
99
0
43
-1
77
-1
21
221
39
109
131
-1
77
28
-1
-1
-1
0
4
57
213
-1
-1
-1
-1
-1
7
41
0
148
-1
1
-1
13
65
-1
-1
-1
0
160
156
17
124
-1
44
7
-1
-1
19
-1
155
-1
44
-1
0
-1
10
-1
1
-1
97
-1
-1
-1
36
-1
72
-1
185
-1
-1
71
-1
27
-1
-1
24
172
-1
-1
4
42
1
6
13
-1
-1
118
9
-1
76
27
1
-1
64
49
-1
-1
66
-1
37
88
-1
90
-1
106
187
-1
146
-1
1
5
-1
-1
98
-1
-1
-1
-1
16
135
1
-1
2
175
-1
7
-1
95
-1
-1
-1
46
5
94
92
2
-1
-1
-1
-1
32
108
-1
-1
-1
-1
50
10
-1
160
47
2
-1
-1
13
144
132
2
-1
73
94
0
80
19
-1
-1
52
5
-1
151
82
5
3
-1
95
-1
33
-1
53
-1
128
71
-1
5
91
-1
28
3
1
2
150
2
35
18
17
-1
22
1
-1
-1
-1
-1
17
1
34
47
75
54
171
1
-1
27
-1
1
30
35
-1
116
2
11
4
55
0
0
-1
4
26
25
0
-1
8
13
17
-1
-1
143
48
87
2
-1
-1
-1
68
37
-1
2
-1
10
216
-1
20
82
29
214
-1
-1
36
16
76
-1
26
7
80
69
6
91
57
-1
0
48
-1
64
80
22
-1
49
86
121
34
-1
-1
1
-1
-1
54
40
-1
-1
64
-1
131
212
107
-1
28
-1
47
27
131
-1
213
-1
131
66
-1
199
1
3
118
87
-1
-1
17
11
-1
0
-1
-1
-1
-1
3
-1
-1
72
-1
-1
23
62
19
16
189
3
-1
59
-1
0
-1
-1
61
-1
-1
-1
-1
-1
113
190
0
100
0
-1
187
0
52
0
-1
-1
2
64
157
55
1
4
24
-1
40
-1
53
5
17
-1
44
216
61
2
124
-1
-1
-1
-1
104
14
-1
82
94
-1
77
-1
-1
199
-1
122
1
67
45
-1
-1
-1
47
27
-1
47
115
100
101
-1
10
0
52
5
-1
0
90
-1
-1
-1
0
-1
59
13
-1
-1
-1
4
40
93
-1
-1
127
-1
80
-1
12
-1
178
1
0
-1
-1
1
66
212
-1
-1
-1
7
34
12
1
0
-1
-1
15
-1
-1
1
-1
-1
41
-1
0
143
-1
0
-1
200
47
27
-1
-1
-1
3
-1
3
-1
72
77
-1
-1
1
48
16
-1
-1
73
-1
20
-1
-1
117
5
-1
145
-1
27
25
5
-1
-1
38
3
90
-1
51
-1
-1
26
-1
-1
-1
66
49
2
-1
29
-1
-1
-1
103
105
156
-1
72
50
-1
-1
-1
65
7
-1
-1
-1
-1
88
160
104
68
-1
74
-1
127
-1
15
2
-1
-1
21
70
65
6
30
18
-1
-1
-1
37
-1
8
-1
-1
60
23
5
-1
1
54
80
-1
-1
-1
-1
6
73
76
-1
23
44
75
138
59
71
12
23
-1
-1
1
-1
40
-1
23
81
20
-1
-1
135
-1
43
3
-1
16
1
192
214
-1
30
120
0
-1
103
83
-1
-1
18
0
6
2
8
-1
217
-1
202
-1
161
50
36
6
5
-1
-1
0
-1
220
91
30
0
219
-1
5
83
-1
70
95
-1
-1
-1
1
0
87
-1
106
-1
0
17
-1
-1
-1
118
2
155
41
69
24
-1
39
12
85
-1
43
4
91
0
-1
-1
-1
-1
4
35
206
24
85
158
-1
-1
-1
-1
52
14
83
-1
165
47
1
22
66
-1
143
-1
184
-1
44
-1
4
-1
-1
93
-1
96
102
66
-1
35
0
5
-1
182
8
8
123
-1
167
12
-1
3
168
-1
76
-1
17
-1
2
-1
152
75
-1
-1
-1
-1
124
-1
119
64
-1
-1
-1
-1
-1
5
0
45
78
23
-1
-1
3
-1
-1
-1
-1
-1
3
-1
170
98
186
-1
177
1
-1
-1
-1
-1
70
38
45
-1
67
3
16
-1
-1
-1
36
46
3
11
-1
9
190
-1
30
9
18
-1
-1
-1
11
7
22
-1
-1
24
87
-1
165
105
77
60
-1
15
-1
41
-1
-1
175
-1
-1
2
-1
13
93
-1
68
-1
-1
0
217
127
66
1
59
166
-1
-1
20
2
-1
-1
165
135
-1
199
4
22
34
-1
1
-1
175
1
-1
-1
9
-1
3
147
25
23
-1
106
7
61
158
203
-1
-1
6
8
48
148
50
-1
-1
107
29
-1
-1
16
29
90
-1
-1
-1
52
48
8
-1
-1
-1
-1
-1
-1
-1
-1
48
81
-1
81
-1
54
-1
26
-1
-1
161
5
-1
3
-1
-1
221
-1
101
-1
-1
-1
88
32
30
-1
-1
-1
-1
-1
99
-1
57
-1
218
-1
-1
-1
36
-1
-1
-1
113
-1
-1
16
0
-1
6
191
105
-1
-1
-1
-1
-1
-1
45
-1
1
193
-1
-1
115
-1
24
127
20
16
-1
-1
-1
0
162
-1
1
-1
9
35
77
45
-1
214
184
8
-1
86
8
120
-1
19
181
85
184
55
2
-1
-1
-1
1
-1
-1
13
-1
11
-1
0
-1
-1
135
101
-1
-1
195
-1
-1
0
-1
138
19
-1
34
-1
2
-1
1
-1
215
37
5
170
-1
49
-1
118
-1
-1
30
1
-1
40
157
12
-1
-1
45
-1
35
-1
99
-1
-1
176
60
-1
0
178
-1
6
5
-1
-1
11
-1
-1
9
186
-1
199
6
51
94
-1
12
74
98
-1
-1
1
-1
4
22
49
49
195
12
-1
-1
142
35
-1
60
117
5
-1
-1
-1
-1
-1
50
101
31
72
-1
158
0
-1
1
-1
137
112
56
44
-1
-1
-1
-1
12
1
-1
22
-1
8
-1
8
16
-1
88
42
43
145
155
-1
-1
-1
-1
21
-1
2
0
7
48
3
-1
0
1
1
45
-1
-1
-1
1
178
-1
-1
38
18
-1
-1
5
90
194
4
1
-1
-1
20
139
136
17
-1
-1
-1
92
-1
0
0
-1
139
-1
-1
3
130
3
-1
-1
94
-1
-1
-1
60
1
-1
-1
-1
-1
130
-1
131
4
109
-1
17
-1
40
-1
89
2
-1
-1
67
-1
1
167
-1
-1
6
-1
97
-1
3
-1
3
-1
-1
51
75
-1
1
79
23
130
0
-1
18
-1
-1
51
-1
-1
147
8
64
0
-1
-1
49
32
3
136
-1
2
-1
0
11
-1
17
57
5
-1
0
-1
-1
-1
1
-1
-1
2
2
1
-1
110
-1
-1
-1
127
20
0
19
0
-1
57
135
-1
-1
-1
-1
2
-1
2
-1
66
-1
114
4
-1
0
0
-1
16
-1
-1
3
21
-1
7
62
-1
134
47
58
31
-1
13
54
66
1
148
-1
85
70
13
215
37
20
134
-1
113
-1
38
0
-1
47
3
4
-1
119
4
3
-1
1
0
-1
-1
-1
21
-1
0
-1
-1
-1
103
78
-1
57
25
96
8
104
11
5
110
182
1
-1
-1
-1
127
-1
-1
-1
0
-1
-1
-1
77
2
198
213
8
15
-1
116
86
26
12
-1
110
-1
46
-1
5
87
2
68
31
46
143
-1
18
19
23
-1
88
-1
-1
51
-1
-1
-1
-1
84
51
108
3
1
169
57
-1
-1
-1
17
3
1
27
125
54
3
25
8
72
-1
8
1
119
-1
49
0
133
-1
202
2
3
96
13
10
72
0
-1
81
6
25
-1
-1
-1
0
120
3
-1
25
8
-1
1
-1
55
24
163
60
134
94
164
94
-1
174
-1
174
176
6
0
11
-1
120
149
-1
56
1
1
-1
45
63
-1
-1
49
45
-1
2
-1
-1
-1
0
80
4
-1
108
-1
-1
-1
79
-1
220
40
-1
-1
24
62
198
43
0
-1
-1
-1
1
-1
46
72
170
-1
-1
78
28
-1
5
30
-1
21
-1
-1
13
-1
11
51
17
123
74
-1
-1
9
0
169
1
15
1
0
-1
-1
132
2
-1
-1
1
-1
211
10
59
24
144
-1
1
-1
-1
-1
1
23
-1
28
28
-1
54
-1
61
85
-1
56
19
-1
-1
-1
0
-1
-1
22
-1
2
49
3
146
2
-1
12
16
123
106
-1
29
-1
29
-1
2
-1
206
-1
-1
-1
-1
-1
170
1
-1
170
210
147
0
4
-1
-1
-1
61
39
11
176
49
-1
36
-1
-1
120
-1
59
123
57
39
55
108
1
68
4
-1
1
-1
1
1
-1
-1
-1
4
13
29
82
-1
100
-1
0
-1
-1
-1
3
-1
-1
93
-1
-1
3
4
5
8
-1
1
91
-1
-1
15
0
-1
18
4
23
0
-1
23
73
-1
-1
-1
0
-1
-1
52
-1
11
169
-1
29
73
-1
8
0
-1
52
0
-1
77
13
189
3
-1
-1
-1
105
8
82
2
85
-1
-1
213
-1
17
0
114
169
-1
149
7
145
-1
-1
72
-1
21
-1
7
15
6
-1
-1
4
164
-1
-1
4
2
35
1
31
-1
-1
3
104
-1
1
-1
35
-1
-1
149
5
-1
12
46
13
27
51
-1
131
0
-1
-1
43
62
5
15
52
-1
121
-1
115
51
161
-1
-1
-1
-1
209
162
68
26
-1
16
78
-1
48
-1
81
-1
5
-1
62
0
166
-1
-1
-1
2
-1
19
-1
11
-1
-1
-1
-1
8
15
5
11
37
22
0
-1
-1
5
40
-1
64
194
-1
24
27
208
-1
-1
10
-1
20
-1
38
3
49
1
5
28
-1
-1
-1
-1
-1
-1
-1
-1
-1
-1
-1
-1
0
-1
-1
117
2
28
152
-1
65
10
-1
7
2
207
176
-1
-1
-1
-1
141
68
2
27
23
61
-1
-1
-1
103
-1
84
0
0
-1
0
10
7
-1
132
4
56
-1
139
88
-1
7
73
147
-1
166
-1
32
61
40
2
40
107
-1
4
-1
-1
205
3
-1
48
1
188
-1
26
23
-1
2
61
-1
13
-1
83
13
-1
53
-1
-1
63
39
32
29
50
0
-1
-1
36
-1
90
-1
52
46
154
0
11
-1
-1
-1
-1
-1
51
0
125
0
-1
-1
92
220
3
-1
91
-1
43
-1
22
-1
-1
63
86
80
-1
-1
59
68
-1
-1
34
-1
-1
-1
9
-1
1
-1
1
9
5
-1
-1
13
0
-1
-1
-1
104
189
-1
26
11
107
148
-1
-1
-1
4
-1
-1
-1
-1
136
-1
31
110
139
-1
-1
158
4
-1
-1
95
-1
2
68
-1
-1
198
-1
-1
-1
47
-1
-1
-1
8
-1
11
80
88
-1
1
-1
-1
-1
-1
-1
-1
-1
13
-1
3
186
157
163
-1
-1
9
-1
109
0
97
169
74
-1
5
2
-1
59
7
-1
2
27
-1
79
52
53
-1
-1
27
-1
-1
22
33
-1
-1
-1
0
-1
2
-1
140
-1
-1
3
-1
-1
105
93
3
-1
-1
98
14
-1
63
-1
1
40
-1
-1
-1
0
38
193
2
172
120
-1
-1
1
62
-1
-1
-1
-1
64
35
-1
200
10
1
0
193
87
34
68
51
-1
121
4
-1
-1
142
141
0
14
17
-1
56
27
0
-1
-1
169
113
20
18
-1
4
-1
163
-1
188
3
-1
-1
-1
162
-1
-1
1
218
19
-1
-1
134
14
-1
1
6
-1
-1
80
0
1
-1
52
-1
37
45
-1
0
98
134
1
-1
14
0
0
1
23
17
-1
-1
40
57
27
25
-1
-1
124
4
-1
-1
-1
1
-1
1
2
-1
2
-1
-1
-1
-1
-1
184
-1
-1
63
64
176
158
-1
-1
34
-1
-1
208
-1
-1
-1
-1
-1
-1
13
23
2
28
-1
105
45
18
137
132
37
-1
9
36
-1
-1
116
1
32
-1
112
83
-1
-1
-1
137
173
139
-1
-1
-1
0
-1
-1
63
-1
-1
15
100
0
11
45
8
34
45
-1
0
17
1
85
-1
55
-1
90
78
-1
-1
47
-1
-1
-1
16
-1
-1
35
9
-1
8
197
-1
113
3
-1
0
18
28
177
83
26
-1
77
-1
-1
1
133
-1
50
-1
34
4
56
-1
133
148
-1
136
192
-1
84
99
12
17
-1
-1
-1
-1
9
-1
32
-1
188
82
-1
-1
31
-1
3
60
164
66
170
-1
-1
-1
-1
-1
80
-1
-1
17
-1
26
-1
6
99
5
151
-1
43
2
60
-1
164
34
-1
-1
17
-1
57
-1
185
2
-1
140
-1
182
-1
-1
11
67
104
65
18
-1
-1
-1
-1
0
87
-1
76
-1
2
-1
-1
-1
1
-1
172
-1
94
71
128
-1
-1
5
15
118
63
67
174
-1
172
-1
20
-1
72
72
137
-1
47
28
160
36
99
-1
-1
-1
-1
138
-1
14
56
217
-1
-1
31
10
10
217
-1
5
3
138
-1
59
-1
1
-1
-1
-1
-1
172
69
81
-1
-1
92
126
3
83
-1
-1
55
7
-1
208
-1
1
100
-1
-1
109
125
67
20
0
86
28
16
-1
54
66
90
155
25
175
5
-1
-1
-1
-1
194
177
-1
129
55
-1
37
59
-1
0
-1
0
31
5
175
-1
-1
-1
-1
-1
-1
2
5
116
-1
55
-1
-1
-1
38
-1
2
-1
78
8
5
18
29
-1
4
30
74
-1
1
-1
72
-1
-1
13
14
-1
161
-1
127
70
-1
2
138
-1
-1
0
-1
-1
-1
5
-1
3
120
25
2
174
10
-1
66
-1
21
0
19
33
64
147
96
1
-1
-1
7
-1
130
40
-1
-1
3
0
55
-1
-1
11
187
133
215
78
8
-1
42
-1
149
-1
-1
88
153
6
142
23
77
-1
-1
61
1
-1
-1
13
-1
128
-1
118
90
3
40
-1
123
89
-1
-1
2
102
57
57
-1
-1
13
-1
-1
-1
14
-1
-1
-1
-1
7
-1
12
121
-1
-1
72
4
2
0
23
87
57
1
3
19
1
84
-1
43
8
216
-1
67
160
4
-1
97
-1
-1
-1
107
80
-1
50
-1
212
2
-1
92
-1
9
41
210
-1
154
8
220
-1
21
9
58
25
206
126
57
96
5
158
103
65
-1
1
-1
46
-1
0
137
-1
44
48
-1
73
-1
-1
-1
0
72
7
46
15
126
-1
46
151
-1
-1
149
-1
-1
-1
0
168
11
131
30
1
-1
117
-1
-1
-1
-1
-1
58
-1
147
-1
2
2
-1
60
0
4
-1
2
56
98
-1
10
9
116
110
0
-1
2
5
122
45
16
1
173
-1
2
-1
15
46
-1
-1
60
163
2
3
92
2
-1
121
-1
-1
-1
61
-1
23
-1
88
4
29
166
172
76
2
62
0
113
53
176
126
1
-1
-1
4
109
-1
-1
-1
70
5
200
39
-1
141
47
153
3
4
65
-1
54
-1
-1
-1
-1
-1
190
157
96
-1
209
111
74
-1
14
50
38
3
24
130
-1
85
-1
97
184
-1
37
-1
106
-1
5
-1
172
-1
-1
7
-1
-1
1
-1
2
-1
106
117
-1
-1
-1
11
62
-1
172
51
39
6
73
52
-1
-1
111
161
49
0
54
-1
95
-1
-1
76
1
145
0
-1
-1
44
69
-1
-1
88
2
-1
-1
1
1
99
2
215
185
-1
-1
114
-1
6
84
-1
137
31
-1
35
219
7
170
145
1
214
1
108
25
-1
-1
156
43
4
-1
-1
-1
-1
35
25
126
0
-1
8
83
123
42
-1
71
-1
37
106
8
1
-1
-1
-1
-1
-1
36
91
0
3
85
-1
112
10
8
-1
48
0
160
-1
28
31
29
152
-1
4
0
172
11
-1
-1
17
2
-1
-1
126
196
13
102
2
-1
-1
0
196
0
-1
2
5
7
-1
-1
12
154
-1
-1
0
0
-1
31
2
194
208
14
-1
-1
29
46
-1
112
213
17
-1
57
-1
3
-1
40
-1
9
16
-1
101
-1
21
194
43
-1
179
58
2
65
155
25
-1
-1
-1
-1
-1
20
-1
68
166
-1
9
-1
85
19
12
-1
-1
-1
131
79
90
-1
-1
2
11
-1
10
-1
-1
13
39
-1
85
139
-1
121
221
28
0
-1
-1
-1
0
81
-1
5
14
-1
1
-1
-1
-1
-1
-1
-1
81
-1
-1
132
-1
-1
2
136
50
65
-1
-1
0
160
4
3
212
214
-1
-1
48
-1
97
-1
20
17
0
3
80
-1
120
-1
-1
58
193
73
-1
12
1
5
63
-1
72
-1
-1
-1
-1
20
138
64
-1
-1
-1
3
154
142
-1
-1
0
51
22
-1
13
15
38
-1
144
3
-1
10
61
-1
100
131
-1
-1
35
161
-1
-1
2
-1
-1
-1
-1
120
-1
-1
5
-1
-1
20
95
143
6
-1
-1
1
47
-1
-1
24
124
-1
24
70
-1
0
-1
-1
-1
15
150
166
-1
-1
111
43
-1
-1
-1
-1
16
12
59
-1
-1
-1
-1
-1
-1
138
180
86
-1
1
13
2
112
-1
-1
171
-1
68
-1
-1
54
65
1
-1
0
-1
12
34
-1
17
-1
175
-1
80
-1
4
140
6
5
75
135
33
25
7
40
-1
14
-1
186
115
32
18
-1
-1
98
56
-1
-1
27
94
-1
-1
-1
-1
-1
39
0
24
190
49
96
180
-1
9
-1
-1
32
10
-1
-1
21
160
68
10
-1
77
110
-1
208
-1
204
-1
-1
11
138
8
4
3
4
62
-1
3
-1
129
-1
17
8
161
101
24
12
51
1
-1
-1
39
13
37
105
-1
99
65
144
201
169
170
49
0
134
4
-1
61
5
25
-1
-1
-1
61
19
154
52
-1
21
212
2
27
66
61
-1
-1
35
-1
205
4
217
52
16
181
-1
53
29
-1
-1
141
69
-1
154
183
132
98
2
-1
103
10
-1
11
-1
132
10
7
1
-1
92
66
24
0
48
-1
38
27
-1
8
23
-1
-1
11
109
9
10
-1
-1
28
126
-1
-1
7
-1
-1
32
-1
8
-1
-1
20
1
48
74
76
-1
10
-1
-1
-1
159
-1
118
99
58
-1
135
29
210
27
-1
-1
-1
-1
26
-1
23
85
5
-1
-1
1
-1
110
-1
210
40
-1
-1
35
25
159
-1
-1
157
196
-1
49
-1
-1
-1
120
-1
-1
-1
-1
166
0
-1
3
50
188
-1
-1
-1
187
135
-1
51
184
-1
24
30
13
64
181
1
-1
134
-1
18
5
-1
10
-1
-1
26
-1
-1
-1
-1
183
-1
54
151
-1
-1
-1
16
43
173
-1
-1
-1
40
-1
117
6
5
124
97
84
0
94
37
-1
147
-1
45
67
2
72
33
159
-1
-1
0
49
24
77
-1
2
14
-1
59
-1
82
-1
16
141
-1
-1
-1
134
59
-1
15
-1
190
66
1
-1
67
1
-1
166
34
-1
14
151
-1
103
19
0
-1
-1
-1
30
19
14
171
-1
53
91
-1
-1
4
-1
32
-1
-1
-1
-1
-1
0
21
43
66
26
2
27
0
30
35
11
-1
-1
-1
0
-1
21
189
-1
-1
83
-1
132
2
48
-1
-1
53
93
76
12
-1
7
114
-1
161
10
87
65
48
46
-1
0
3
-1
103
62
122
4
-1
57
0
2
84
16
206
-1
173
187
-1
-1
156
3
-1
12
-1
-1
-1
-1
-1
112
148
0
62
128
-1
-1
24
88
31
70
126
180
-1
30
-1
6
203
0
0
73
52
-1
49
31
-1
9
21
101
-1
103
77
-1
-1
-1
156
-1
150
-1
130
-1
88
1
115
132
128
41
76
-1
-1
-1
46
137
2
-1
-1
192
20
1
139
35
-1
-1
39
0
-1
-1
-1
-1
1
3
-1
46
-1
-1
208
-1
80
11
-1
17
43
-1
-1
23
-1
27
4
197
-1
-1
-1
-1
-1
10
0
-1
184
-1
93
-1
81
54
72
37
167
-1
-1
-1
90
-1
167
-1
0
-1
-1
-1
50
50
-1
-1
14
97
-1
-1
11
-1
-1
-1
188
14
93
1
6
-1
56
-1
94
167
49
-1
3
89
219
-1
11
27
10
-1
-1
3
-1
62
-1
-1
-1
4
-1
133
108
40
0
23
0
-1
34
120
-1
62
3
0
11
151
136
-1
0
207
-1
-1
86
-1
5
63
-1
-1
-1
-1
-1
19
0
5
19
-1
15
48
-1
-1
-1
147
56
43
0
112
1
-1
0
-1
50
-1
91
-1
0
-1
-1
-1
3
210
198
1
8
112
0
-1
-1
-1
25
84
8
198
199
108
-1
38
1
101
-1
-1
2
77
-1
-1
-1
-1
0
47
-1
-1
191
-1
-1
2
55
15
-1
194
105
25
39
0
105
1
-1
-1
-1
23
32
57
-1
-1
1
-1
-1
-1
-1
-1
4
25
17
1
69
186
56
-1
-1
34
-1
0
23
93
10
5
23
64
-1
38
2
14
-1
0
-1
-1
100
155
0
-1
40
-1
8
207
219
0
-1
113
103
183
4
96
-1
8
29
126
10
95
24
-1
12
59
28
-1
13
43
2
164
-1
0
97
-1
48
31
-1
60
5
0
-1
55
-1
-1
63
12
-1
177
18
42
2
67
4
0
-1
6
17
91
-1
27
-1
219
52
3
-1
4
182
74
3
11
-1
-1
53
-1
99
84
-1
7
148
-1
-1
44
84
8
39
43
10
-1
-1
-1
-1
-1
34
-1
73
54
0
5
-1
-1
-1
-1
9
19
-1
69
3
0
-1
-1
-1
35
-1
20
2
-1
31
65
-1
-1
8
-1
-1
11
140
-1
81
-1
126
54
1
69
-1
67
186
1
0
1
-1
-1
41
130
-1
11
-1
6
7
-1
36
59
-1
-1
40
75
64
20
37
27
17
111
-1
130
200
5
-1
0
31
0
-1
6
-1
-1
23
4
-1
-1
25
7
1
-1
-1
-1
61
7
136
-1
-1
-1
-1
10
0
-1
-1
0
-1
188
24
-1
7
146
78
26
-1
-1
-1
-1
0
-1
182
-1
-1
-1
-1
7
46
206
25
11
29
85
0
149
33
-1
2
-1
23
106
91
45
-1
30
-1
24
-1
-1
17
6
17
-1
54
-1
-1
78
0
70
-1
143
44
-1
162
-1
79
-1
73
1
-1
-1
20
177
-1
-1
1
-1
-1
112
-1
14
80
36
2
-1
32
9
3
91
23
-1
85
4
-1
5
50
-1
-1
68
-1
-1
-1
-1
-1
19
115
58
131
-1
-1
-1
-1
11
21
-1
-1
7
1
-1
-1
-1
61
-1
-1
1
37
-1
11
8
-1
-1
91
168
5
77
18
-1
-1
-1
-1
85
68
1
112
-1
-1
-1
130
2
-1
-1
0
193
0
33
4
-1
-1
3
-1
5
-1
32
113
14
92
1
63
-1
17
-1
-1
93
33
-1
-1
-1
-1
-1
118
1
141
169
-1
-1
18
-1
0
141
200
-1
-1
-1
0
-1
-1
-1
19
66
66
2
-1
0
44
119
-1
30
-1
218
117
91
1
196
186
15
-1
-1
-1
7
74
-1
-1
60
-1
-1
74
92
4
1
-1
158
130
-1
119
26
2
-1
-1
67
43
-1
215
-1
67
152
-1
154
9
-1
116
-1
-1
-1
-1
-1
15
-1
-1
46
32
-1
-1
104
-1
-1
208
1
86
-1
-1
112
1
177
-1
-1
-1
-1
-1
163
90
83
5
0
-1
-1
-1
-1
-1
-1
44
2
42
172
-1
0
116
-1
6
1
-1
69
26
46
-1
119
-1
20
133
11
-1
5
-1
-1
-1
-1
-1
117
189
-1
-1
-1
-1
41
13
109
-1
-1
-1
-1
-1
0
196
-1
2
2
-1
150
-1
-1
1
-1
29
-1
-1
121
-1
51
78
-1
-1
183
16
3
1
-1
54
1
-1
6
-1
17
186
20
-1
50
-1
162
37
51
80
-1
24
10
-1
-1
-1
-1
-1
1
27
174
54
62
-1
-1
29
38
19
-1
108
212
-1
-1
189
-1
-1
31
109
0
1
-1
-1
-1
81
-1
-1
168
-1
-1
-1
-1
17
1
105
-1
-1
-1
51
134
15
-1
-1
15
54
-1
1
41
-1
94
-1
17
-1
96
37
-1
-1
162
42
151
152
181
15
-1
60
9
25
2
90
5
8
-1
55
-1
-1
61
-1
115
11
88
-1
-1
3
51
-1
133
53
91
-1
-1
204
-1
189
5
76
5
178
-1
-1
-1
-1
30
-1
-1
-1
106
-1
-1
-1
51
-1
70
110
-1
-1
21
184
76
19
0
-1
-1
107
26
3
-1
-1
5
-1
7
-1
74
7
34
114
18
131
116
-1
-1
3
1
7
-1
33
-1
92
-1
2
207
-1
92
188
81
12
-1
24
210
127
14
13
16
-1
-1
53
-1
23
-1
76
-1
-1
194
-1
163
-1
99
-1
62
32
111
100
-1
-1
-1
11
0
1
56
26
-1
-1
2
6
148
8
-1
67
-1
-1
21
-1
-1
105
179
1
7
2
45
2
1
-1
21
-1
11
-1
-1
-1
174
43
153
-1
172
-1
44
6
20
88
-1
-1
0
166
-1
158
-1
62
2
26
-1
191
136
-1
-1
-1
-1
-1
93
-1
-1
-1
-1
-1
-1
35
0
2
164
-1
31
-1
29
-1
27
20
3
9
-1
-1
13
-1
3
-1
-1
15
-1
110
-1
210
34
164
38
-1
113
-1
-1
185
66
-1
-1
7
53
44
-1
12
47
0
35
13
-1
-1
4
11
1
-1
59
63
29
-1
-1
119
100
-1
-1
21
-1
-1
-1
1
34
2
-1
-1
94
88
11
80
78
8
52
8
103
24
24
21
-1
61
97
32
-1
176
15
1
-1
38
-1
32
68
-1
-1
7
64
1
118
138
-1
-1
1
2
-1
-1
-1
-1
-1
95
34
1
-1
3
-1
1
0
0
-1
0
-1
2
1
-1
-1
1
16
-1
19
-1
103
7
-1
-1
74
11
43
-1
4
1
15
18
-1
97
-1
5
-1
-1
-1
-1
0
25
-1
163
-1
1
-1
190
-1
129
5
-1
4
2
40
30
24
27
0
-1
-1
106
-1
-1
5
194
31
-1
1
5
2
17
-1
-1
-1
108
48
-1
-1
67
-1
159
116
-1
-1
96
10
53
-1
-1
29
-1
153
-1
211
181
-1
-1
183
104
1
10
-1
6
-1
8
19
-1
-1
-1
-1
2
182
2
0
0
2
-1
14
42
37
113
-1
-1
-1
5
1
-1
10
26
207
5
3
-1
-1
112
74
-1
171
-1
12
-1
10
11
6
9
9
147
-1
-1
-1
4
29
179
8
9
0
17
-1
13
160
28
46
-1
-1
2
4
-1
87
47
213
-1
26
42
-1
11
208
22
71
113
103
-1
5
-1
30
1
-1
210
-1
-1
-1
2
64
8
-1
12
205
-1
71
-1
129
-1
10
-1
12
-1
29
81
0
116
-1
41
140
211
-1
146
137
145
10
-1
-1
38
1
0
-1
65
62
-1
-1
-1
-1
-1
82
-1
-1
120
7
35
149
-1
2
4
-1
-1
-1
197
186
98
54
-1
1
-1
-1
-1
-1
2
0
-1
193
95
5
-1
97
-1
4
-1
16
-1
-1
3
-1
0
-1
-1
-1
59
-1
-1
15
2
21
-1
25
127
36
-1
137
-1
4
111
74
159
202
49
32
1
-1
-1
132
-1
94
-1
26
-1
-1
86
-1
-1
-1
11
-1
76
-1
3
46
-1
-1
-1
-1
173
-1
-1
-1
8
5
96
99
-1
-1
-1
-1
26
-1
3
-1
119
-1
212
18
2
146
-1
31
-1
55
-1
-1
51
-1
-1
0
-1
-1
59
67
-1
0
122
-1
77
16
-1
65
19
-1
-1
74
-1
-1
1
-1
88
27
60
30
-1
5
-1
67
133
65
3
29
54
109
42
63
34
-1
151
-1
-1
-1
-1
29
47
59
12
-1
3
-1
118
-1
26
213
-1
0
129
-1
175
-1
-1
48
-1
6
101
-1
-1
138
9
-1
-1
36
156
12
8
-1
0
205
0
33
17
12
9
-1
-1
-1
190
-1
131
38
-1
145
0
15
106
-1
20
-1
-1
6
-1
31
-1
37
53
57
2
97
-1
21
-1
130
47
-1
171
-1
38
3
-1
-1
68
1
-1
1
21
2
-1
62
2
1
50
-1
53
-1
-1
63
2
74
-1
10
158
2
-1
153
2
14
-1
-1
0
33
63
70
15
-1
102
61
135
46
149
-1
93
-1
-1
191
0
1
-1
129
46
19
78
-1
51
-1
-1
100
178
40
6
-1
-1
1
36
-1
-1
1
-1
10
3
0
32
2
-1
-1
85
-1
-1
32
-1
12
-1
-1
165
-1
3
62
-1
204
48
-1
6
-1
35
26
3
0
-1
66
36
-1
142
-1
6
-1
4
3
11
31
-1
119
111
14
-1
-1
-1
-1
78
17
155
-1
3
-1
4
-1
83
0
-1
-1
61
-1
-1
-1
179
-1
8
147
57
2
23
15
12
3
-1
51
125
22
65
-1
-1
7
83
1
-1
-1
18
46
-1
-1
65
12
-1
-1
-1
-1
-1
-1
7
22
110
-1
-1
-1
-1
26
-1
14
-1
165
182
215
1
5
-1
3
3
25
148
149
1
-1
34
30
1
1
68
49
85
3
122
-1
0
-1
15
6
-1
5
31
-1
-1
0
-1
-1
27
-1
53
58
-1
-1
5
116
124
4
-1
5
205
87
13
-1
2
-1
12
45
166
116
-1
6
-1
-1
-1
-1
192
78
105
0
-1
2
-1
150
1
-1
1
6
-1
-1
-1
3
-1
-1
0
43
13
-1
54
24
-1
32
-1
28
-1
3
4
11
34
-1
82
-1
-1
-1
0
-1
-1
0
57
90
6
-1
38
-1
78
-1
221
1
-1
114
-1
3
-1
87
-1
3
108
52
67
128
-1
87
0
-1
-1
2
-1
-1
-1
-1
39
-1
-1
0
-1
144
1
-1
99
-1
-1
29
3
-1
-1
-1
5
-1
111
4
-1
208
103
37
2
11
44
49
59
-1
81
-1
-1
-1
158
1
72
114
171
-1
7
-1
78
-1
-1
-1
146
-1
-1
55
-1
-1
33
-1
109
-1
97
135
-1
-1
-1
-1
72
62
8
0
-1
199
32
-1
0
18
1
177
62
35
0
-1
101
-1
117
-1
0
-1
31
-1
85
-1
0
-1
-1
-1
210
-1
28
-1
-1
-1
-1
-1
-1
3
-1
16
1
-1
176
71
-1
85
123
-1
10
-1
-1
5
118
4
2
-1
-1
65
-1
0
201
1
190
-1
3
-1
-1
-1
-1
41
80
19
131
-1
9
11
1
-1
102
107
30
-1
2
86
1
-1
21
0
92
-1
-1
72
-1
-1
125
7
64
155
-1
9
78
108
-1
-1
82
218
136
31
181
-1
-1
125
3
0
12
-1
-1
-1
99
10
0
-1
0
14
25
126
-1
-1
0
130
137
136
-1
45
15
-1
34
0
71
67
-1
-1
138
5
-1
0
15
7
21
-1
-1
-1
-1
-1
98
24
95
168
-1
23
0
0
-1
180
0
-1
-1
-1
157
-1
24
-1
11
-1
1
-1
1
63
178
1
11
12
2
185
4
215
4
1
192
-1
23
69
4
57
0
-1
-1
0
-1
2
196
0
50
-1
-1
-1
126
18
159
2
43
10
166
-1
48
14
38
0
-1
160
27
59
0
127
43
148
0
154
48
206
103
38
140
66
51
-1
-1
201
-1
-1
0
141
-1
0
80
-1
30
-1
23
-1
104
-1
221
105
18
-1
-1
64
3
182
81
17
4
3
-1
-1
-1
193
183
-1
5
32
4
1
128
3
3
-1
16
-1
178
5
109
4
-1
1
-1
124
168
132
10
142
-1
82
7
-1
60
107
13
76
-1
-1
5
143
-1
214
47
13
130
-1
129
-1
0
-1
-1
79
-1
-1
-1
27
15
86
-1
-1
3
-1
73
74
7
119
-1
-1
1
168
1
-1
-1
-1
-1
185
-1
35
49
2
50
127
1
-1
100
1
-1
54
58
73
143
56
-1
88
-1
42
-1
-1
86
93
3
101
10
64
16
-1
82
-1
-1
-1
166
-1
43
6
9
-1
-1
0
-1
51
27
180
-1
24
18
27
4
-1
113
37
65
12
28
14
-1
-1
-1
51
-1
162
-1
-1
-1
2
152
109
-1
-1
9
139
-1
134
58
-1
0
49
-1
193
-1
1
23
50
-1
56
-1
-1
84
-1
-1
-1
-1
52
7
-1
-1
1
35
84
72
5
35
100
92
-1
34
9
-1
126
-1
-1
35
-1
1
32
49
18
-1
48
-1
-1
216
-1
147
152
-1
-1
52
3
-1
-1
154
7
-1
36
-1
14
57
2
158
-1
133
-1
-1
4
35
-1
-1
76
20
11
38
-1
137
2
-1
200
120
13
0
-1
-1
218
-1
37
1
-1
105
0
-1
180
134
137
33
65
-1
12
-1
5
-1
-1
-1
-1
32
-1
-1
-1
23
115
146
-1
-1
50
-1
89
38
-1
-1
-1
186
16
-1
96
-1
0
15
0
44
-1
187
-1
5
-1
79
-1
0
49
40
-1
10
90
-1
127
-1
69
165
110
-1
4
3
-1
145
25
-1
1
-1
-1
5
-1
2
176
57
62
-1
-1
1
146
75
-1
48
34
-1
29
-1
-1
3
-1
10
-1
-1
16
123
7
52
5
61
-1
150
-1
34
-1
27
19
-1
-1
52
-1
3
20
-1
0
-1
-1
-1
-1
42
1
199
-1
-1
-1
10
-1
-1
156
-1
10
62
123
-1
5
-1
-1
36
88
110
203
46
12
17
0
-1
205
-1
34
19
3
74
-1
-1
-1
24
-1
1
-1
44
-1
-1
46
86
-1
6
12
-1
-1
54
192
-1
-1
208
15
62
7
78
177
-1
-1
-1
-1
-1
49
131
-1
-1
174
-1
62
-1
111
14
-1
2
-1
-1
-1
24
40
-1
11
2
47
73
-1
0
41
-1
-1
154
4
123
1
-1
-1
24
-1
-1
-1
188
-1
37
5
79
67
-1
96
1
11
-1
53
1
6
-1
-1
-1
0
-1
-1
158
-1
-1
-1
43
30
3
11
168
-1
-1
118
3
-1
13
2
-1
21
200
-1
-1
31
20
112
164
-1
174
27
43
-1
46
49
-1
13
-1
9
-1
0
23
-1
143
137
94
77
1
-1
13
-1
-1
142
-1
112
1
6
37
12
146
3
-1
25
38
-1
96
164
-1
-1
88
65
68
-1
97
-1
-1
3
-1
35
2
-1
14
1
32
10
7
-1
-1
206
-1
-1
1
93
55
46
-1
20
-1
91
107
-1
-1
18
3
1
2
-1
28
215
205
1
55
12
12
-1
-1
23
-1
-1
4
-1
1
-1
185
-1
-1
-1
179
68
3
1
13
-1
129
33
-1
-1
2
74
194
-1
0
-1
5
69
-1
90
0
-1
26
0
-1
170
-1
0
13
5
101
-1
-1
7
-1
6
-1
-1
73
0
32
-1
-1
-1
3
-1
-1
-1
-1
154
152
64
50
-1
-1
-1
59
-1
-1
5
11
10
-1
29
-1
46
40
-1
-1
121
-1
5
14
208
-1
82
105
5
76
73
114
89
0
5
140
79
20
1
-1
-1
34
-1
1
15
115
-1
-1
-1
35
1
-1
140
-1
3
-1
204
-1
-1
5
4
33
68
-1
-1
-1
141
-1
141
138
41
76
-1
-1
-1
-1
63
-1
1
1
174
4
-1
27
112
-1
2
3
58
3
16
35
-1
4
-1
-1
39
-1
28
165
203
39
186
1
-1
-1
-1
-1
48
-1
-1
-1
-1
-1
-1
-1
3
-1
0
31
-1
-1
179
80
-1
-1
189
0
52
3
12
-1
-1
-1
14
6
-1
-1
-1
44
33
191
152
1
-1
-1
61
-1
17
-1
-1
0
48
190
39
24
-1
69
-1
-1
6
96
2
-1
-1
-1
7
2
9
8
0
4
0
25
2
-1
95
0
-1
92
0
-1
-1
-1
-1
176
-1
41
102
-1
-1
29
-1
3
-1
77
-1
28
-1
-1
180
-1
106
1
35
121
-1
15
-1
128
-1
-1
-1
-1
-1
-1
149
-1
-1
112
42
66
21
-1
-1
16
-1
45
-1
-1
190
214
9
-1
2
51
3
69
-1
113
5
140
23
2
-1
58
54
-1
-1
74
-1
-1
-1
-1
41
-1
117
-1
-1
-1
-1
143
34
-1
3
74
-1
210
50
-1
-1
57
-1
-1
-1
-1
-1
2
-1
-1
52
-1
19
0
145
165
4
31
131
41
-1
0
-1
14
3
2
-1
-1
-1
-1
185
-1
185
-1
45
185
111
-1
-1
-1
-1
-1
2
53
141
-1
0
-1
198
-1
-1
12
3
0
4
-1
128
7
1
185
0
3
5
-1
5
-1
163
0
-1
0
81
27
133
-1
14
-1
-1
77
-1
-1
-1
5
-1
75
3
1
91
-1
-1
-1
2
-1
-1
79
101
91
-1
34
143
1
40
-1
-1
39
171
23
-1
200
2
33
-1
69
86
-1
-1
129
-1
0
39
-1
-1
20
-1
25
-1
-1
205
-1
-1
-1
-1
37
1
-1
6
-1
119
51
-1
-1
35
158
1
104
-1
71
3
109
98
1
83
-1
2
91
-1
47
-1
104
-1
-1
0
-1
-1
-1
176
56
124
118
183
-1
15
5
6
-1
18
219
-1
-1
3
-1
-1
-1
-1
163
35
2
1
87
186
28
21
-1
141
1
-1
162
168
5
133
-1
135
-1
1
0
-1
-1
0
106
-1
15
99
-1
-1
154
115
17
2
42
-1
20
-1
23
15
71
-1
7
46
27
-1
82
-1
-1
39
-1
0
48
155
184
-1
34
116
-1
-1
14
-1
-1
-1
-1
34
0
-1
0
-1
192
-1
-1
38
-1
-1
-1
111
83
4
13
75
40
5
0
35
-1
91
-1
182
-1
36
145
0
-1
140
-1
1
31
108
-1
5
-1
-1
115
137
0
30
204
-1
55
5
-1
63
67
-1
0
21
-1
8
31
-1
12
-1
64
-1
18
36
44
1
-1
81
61
4
78
27
-1
206
-1
29
-1
-1
13
-1
114
90
86
0
-1
-1
51
39
170
-1
-1
2
-1
-1
-1
50
101
1
-1
85
100
1
129
14
-1
-1
83
148
84
-1
46
218
32
206
0
55
0
-1
73
97
184
34
-1
6
-1
2
104
-1
-1
64
12
48
-1
102
-1
121
12
-1
31
71
-1
-1
-1
3
11
98
-1
-1
23
11
-1
0
0
-1
-1
-1
113
-1
71
-1
44
69
-1
32
-1
68
52
197
6
-1
92
-1
-1
-1
-1
-1
17
13
-1
43
175
75
-1
-1
28
-1
23
142
1
-1
24
-1
94
-1
-1
3
-1
1
-1
79
62
110
-1
65
0
75
-1
119
0
-1
-1
7
-1
-1
59
-1
60
-1
0
31
-1
17
-1
158
-1
-1
14
-1
0
-1
-1
114
37
-1
21
9
29
2
81
119
1
1
-1
0
8
81
78
-1
39
21
-1
1
13
-1
10
-1
-1
46
74
-1
8
-1
197
-1
52
8
-1
80
123
-1
145
-1
-1
56
-1
106
92
194
6
81
-1
57
-1
127
-1
-1
-1
20
-1
-1
-1
151
10
-1
-1
30
-1
-1
1
6
159
90
144
37
66
-1
171
-1
80
-1
-1
-1
198
-1
-1
43
146
175
-1
183
3
-1
-1
54
4
165
-1
1
-1
5
178
42
-1
83
-1
9
3
-1
22
-1
-1
-1
175
14
-1
3
52
28
95
149
-1
183
13
96
5
134
-1
-1
5
52
-1
59
84
44
-1
143
2
-1
207
-1
89
6
205
7
138
1
-1
1
0
-1
0
0
75
137
184
74
0
-1
-1
24
98
32
-1
-1
8
-1
-1
-1
118
-1
14
-1
0
-1
48
111
101
2
62
-1
60
-1
-1
65
-1
-1
22
136
-1
2
-1
-1
-1
13
4
2
121
-1
36
-1
156
52
-1
16
-1
121
22
9
37
9
-1
177
-1
171
-1
-1
-1
1
7
-1
138
-1
43
9
1
-1
184
-1
155
-1
21
0
93
-1
24
2
55
-1
64
128
2
-1
-1
44
173
-1
76
-1
-1
1
137
207
9
-1
12
26
81
-1
1
-1
146
53
-1
-1
-1
46
-1
-1
209
53
143
2
86
106
-1
1
31
123
-1
-1
175
-1
-1
143
83
14
-1
-1
91
-1
29
3
107
-1
-1
-1
166
60
-1
-1
-1
179
40
49
159
1
-1
-1
-1
1
107
-1
-1
145
183
-1
152
127
0
5
26
19
-1
4
5
199
-1
12
27
39
43
-1
78
161
6
95
21
13
-1
79
7
4
57
54
209
32
14
-1
40
-1
13
-1
0
185
-1
0
-1
146
46
-1
40
-1
1
2
29
25
56
-1
80
2
14
-1
-1
1
39
6
-1
-1
-1
-1
0
-1
-1
-1
12
22
98
166
12
-1
118
104
-1
-1
27
-1
104
34
-1
29
42
174
-1
-1
2
25
111
1
28
136
26
130
-1
-1
128
155
52
-1
-1
106
111
1
2
81
156
7
-1
-1
-1
116
126
-1
-1
30
-1
3
-1
10
-1
9
-1
-1
5
-1
-1
63
-1
178
0
37
2
0
-1
151
-1
-1
63
-1
-1
0
37
18
-1
193
-1
-1
136
110
-1
-1
3
60
66
-1
31
86
113
36
64
-1
-1
-1
-1
15
23
-1
90
-1
-1
-1
67
11
80
-1
209
41
26
-1
87
0
-1
-1
-1
-1
83
57
49
5
-1
-1
-1
-1
2
86
22
59
61
-1
-1
-1
13
116
-1
-1
-1
136
4
81
-1
28
17
7
-1
-1
-1
-1
-1
65
203
82
-1
11
1
2
9
91
5
30
172
-1
0
1
3
51
72
-1
-1
5
16
13
16
-1
138
-1
22
-1
-1
63
89
177
-1
-1
10
58
164
0
14
0
14
0
-1
147
59
41
35
108
-1
38
-1
-1
-1
-1
127
2
4
1
-1
-1
110
122
22
153
-1
-1
-1
52
61
7
-1
126
17
24
-1
-1
70
-1
97
25
9
-1
22
0
5
0
-1
23
-1
133
83
-1
0
-1
1
2
-1
-1
0
191
105
163
40
11
-1
-1
63
113
-1
1
5
-1
87
211
-1
-1
2
-1
-1
3
49
37
174
107
5
19
-1
11
50
-1
171
-1
212
69
3
16
-1
8
172
-1
3
4
191
-1
4
211
5
20
124
114
-1
63
115
124
4
36
24
141
-1
164
-1
79
40
3
1
2
56
-1
25
-1
115
-1
162
-1
-1
144
-1
2
23
200
28
99
170
13
127
92
162
49
-1
120
-1
5
72
33
6
-1
-1
-1
129
-1
-1
53
120
-1
-1
24
-1
2
53
221
-1
7
148
-1
17
-1
-1
6
-1
-1
-1
-1
0
158
-1
149
128
88
69
-1
20
-1
-1
12
84
-1
-1
7
-1
-1
-1
-1
-1
-1
-1
104
-1
32
114
-1
-1
-1
-1
-1
-1
-1
101
-1
2
-1
-1
46
4
30
-1
10
-1
15
-1
0
4
-1
3
117
-1
12
0
191
117
-1
44
102
8
-1
67
-1
168
5
56
-1
7
-1
-1
-1
0
41
54
119
-1
-1
32
0
91
29
1
1
-1
61
98
160
1
2
-1
-1
-1
-1
-1
-1
3
0
161
-1
-1
155
-1
130
-1
-1
40
73
3
-1
117
-1
-1
187
-1
-1
-1
0
5
47
44
22
-1
7
-1
40
17
-1
-1
24
0
-1
-1
-1
-1
-1
10
-1
-1
-1
-1
17
108
1
82
71
69
82
32
81
11
9
32
-1
-1
0
15
19
82
113
53
176
-1
61
2
-1
-1
26
-1
10
-1
-1
-1
-1
213
24
-1
-1
147
2
-1
67
-1
0
-1
1
-1
-1
-1
0
3
-1
-1
-1
1
59
-1
-1
-1
58
106
-1
1
-1
-1
-1
30
76
7
94
5
148
-1
-1
190
67
-1
0
59
-1
23
111
-1
1
99
167
54
31
-1
-1
50
-1
-1
-1
199
-1
2
12
-1
-1
-1
-1
118
12
55
-1
31
-1
-1
181
-1
-1
157
20
-1
-1
-1
138
18
-1
48
2
84
106
190
62
158
91
-1
144
-1
63
-1
-1
-1
-1
8
108
-1
192
-1
15
-1
-1
49
-1
0
59
-1
-1
-1
-1
0
-1
164
17
42
0
141
106
48
9
14
87
142
-1
-1
7
-1
-1
67
11
11
66
132
-1
-1
-1
4
-1
-1
-1
2
67
6
-1
86
23
-1
13
1
-1
200
65
29
58
90
42
124
4
90
162
-1
-1
7
-1
134
-1
-1
-1
0
-1
13
-1
40
-1
18
-1
4
-1
10
-1
-1
28
20
38
-1
103
-1
-1
97
-1
-1
141
4
-1
14
-1
-1
0
59
8
32
64
-1
33
1
-1
3
-1
101
38
-1
80
23
-1
188
197
167
20
-1
10
-1
-1
96
-1
69
120
26
2
-1
47
17
69
-1
82
-1
145
41
-1
33
6
-1
-1
143
37
1
174
0
24
177
178
0
189
-1
61
83
-1
-1
-1
30
49
152
30
34
-1
-1
87
-1
0
153
-1
122
101
-1
-1
138
-1
-1
-1
2
8
35
-1
-1
110
34
64
11
-1
1
-1
-1
9
-1
1
31
24
126
10
-1
-1
4
52
-1
-1
-1
-1
-1
89
50
47
23
-1
28
144
15
10
-1
-1
-1
3
-1
41
-1
-1
0
16
2
72
133
116
0
173
181
-1
102
6
130
4
7
-1
-1
169
66
-1
72
73
-1
160
-1
163
0
92
-1
17
142
20
28
7
31
46
215
-1
200
-1
-1
-1
0
0
7
-1
-1
-1
3
-1
51
78
112
149
-1
-1
-1
-1
144
-1
-1
-1
-1
-1
27
108
2
-1
79
-1
26
29
2
-1
11
-1
13
-1
-1
2
62
82
56
-1
-1
94
25
2
56
-1
163
0
-1
-1
-1
169
-1
-1
-1
94
-1
5
107
48
21
-1
57
-1
0
22
-1
119
164
72
-1
-1
153
-1
14
1
23
86
0
10
110
38
1
103
95
2
106
102
-1
53
-1
-1
41
198
220
1
45
36
189
106
18
6
79
-1
-1
0
-1
-1
53
160
23
92
-1
125
-1
-1
101
101
-1
-1
82
23
11
2
40
-1
169
-1
-1
163
28
-1
45
139
159
91
-1
2
2
48
-1
2
-1
135
139
49
-1
-1
20
-1
-1
-1
81
159
4
0
0
28
193
36
-1
-1
69
-1
-1
36
-1
148
33
3
196
-1
3
-1
-1
-1
45
99
-1
52
19
0
-1
-1
117
-1
-1
104
-1
-1
1
132
94
-1
-1
-1
2
1
175
1
114
1
-1
114
39
4
-1
33
-1
65
-1
35
-1
-1
-1
-1
137
26
-1
2
44
-1
-1
141
2
-1
44
5
99
-1
-1
209
67
0
98
-1
49
14
-1
-1
217
-1
44
3
-1
121
38
7
-1
16
-1
-1
-1
-1
80
7
55
-1
-1
28
-1
116
8
162
2
-1
-1
216
-1
15
54
-1
47
-1
-1
79
141
63
0
-1
0
-1
81
15
-1
15
24
-1
124
4
118
-1
109
55
107
-1
0
3
-1
0
-1
-1
0
-1
66
187
52
2
3
-1
-1
41
3
-1
44
52
5
-1
53
-1
-1
52
-1
105
-1
-1
-1
-1
-1
-1
1
190
50
-1
-1
165
86
-1
46
23
170
-1
15
-1
-1
-1
-1
188
-1
48
61
7
8
144
-1
-1
18
-1
-1
114
-1
105
-1
101
178
1
-1
-1
20
-1
-1
35
-1
-1
81
21
-1
28
131
-1
0
1
-1
11
-1
78
34
-1
40
44
-1
-1
-1
22
10
55
2
-1
-1
1
1
-1
5
41
3
-1
92
169
-1
150
99
204
-1
1
-1
77
55
23
62
17
0
-1
8
17
-1
-1
44
0
-1
8
-1
3
-1
26
-1
-1
-1
-1
0
0
52
8
153
2
81
-1
-1
1
0
-1
-1
15
-1
16
0
160
185
37
27
0
-1
-1
-1
3
2
201
5
-1
9
153
3
-1
11
-1
-1
-1
67
11
2
-1
-1
122
120
106
114
-1
84
179
120
-1
55
74
10
0
0
1
84
0
4
-1
3
-1
37
11
-1
-1
-1
-1
-1
103
41
214
-1
81
-1
-1
-1
-1
0
124
123
-1
87
-1
20
-1
-1
-1
2
0
134
-1
0
-1
-1
164
-1
15
3
23
150
41
36
0
1
0
24
85
-1
-1
-1
20
-1
-1
-1
-1
154
25
-1
15
5
-1
7
57
-1
196
70
17
10
-1
-1
79
114
-1
-1
-1
53
88
-1
21
26
-1
159
28
-1
-1
-1
4
-1
-1
2
-1
-1
22
-1
2
-1
30
-1
-1
-1
1
-1
-1
0
214
-1
-1
-1
2
-1
-1
60
-1
13
16
-1
209
168
2
16
-1
-1
162
-1
134
-1
-1
-1
2
-1
-1
-1
26
0
-1
2
-1
-1
121
-1
-1
-1
30
-1
0
92
117
89
-1
175
126
110
-1
80
-1
31
31
178
221
153
-1
-1
184
-1
6
-1
-1
139
-1
30
100
105
1
-1
12
0
-1
0
52
3
23
8
95
-1
8
39
0
-1
48
21
-1
10
-1
96
-1
56
8
-1
-1
-1
42
-1
220
2
3
-1
-1
10
-1
8
211
6
-1
5
-1
2
3
182
151
-1
36
21
103
3
-1
-1
82
134
20
6
-1
10
-1
45
54
95
-1
-1
3
42
32
-1
12
61
32
5
-1
-1
3
-1
-1
117
0
-1
-1
-1
-1
50
60
-1
159
163
22
-1
28
-1
-1
-1
122
49
-1
10
-1
-1
-1
0
187
-1
-1
17
-1
106
46
196
18
50
2
-1
-1
26
145
93
65
13
11
150
65
194
97
0
32
-1
-1
-1
2
171
-1
12
62
34
61
116
3
124
-1
-1
55
6
8
104
28
35
113
-1
-1
3
1
1
54
60
125
36
215
-1
-1
-1
-1
1
45
0
6
89
-1
17
69
16
65
-1
0
-1
-1
-1
35
-1
16
32
0
-1
72
1
0
41
169
-1
12
-1
10
-1
1
-1
4
-1
-1
58
-1
-1
-1
15
1
-1
-1
-1
98
40
33
-1
18
60
-1
219
61
53
215
-1
-1
13
105
7
61
153
7
189
161
1
2
-1
-1
-1
13
-1
28
171
63
-1
-1
32
52
-1
-1
21
80
133
109
78
-1
-1
183
-1
111
5
77
49
-1
-1
0
-1
147
19
95
-1
-1
2
53
-1
5
-1
119
63
0
36
-1
-1
146
-1
6
-1
-1
88
-1
-1
-1
-1
142
99
201
69
-1
189
155
-1
144
64
69
-1
-1
1
-1
-1
145
53
46
-1
-1
51
164
30
26
-1
34
14
59
-1
175
-1
-1
16
54
1
60
-1
-1
-1
-1
-1
61
0
-1
-1
133
51
27
64
-1
50
33
29
188
-1
12
4
-1
6
-1
153
-1
21
5
-1
-1
96
205
9
-1
137
0
-1
-1
123
-1
188
-1
-1
-1
-1
-1
37
-1
-1
13
-1
0
11
25
-1
78
-1
4
13
-1
-1
-1
9
-1
36
-1
9
-1
117
117
2
34
27
113
10
-1
99
63
62
87
-1
-1
115
180
-1
23
42
-1
135
-1
-1
15
-1
-1
16
49
17
-1
38
-1
-1
60
-1
120
164
37
-1
-1
146
156
2
1
1
-1
10
-1
-1
-1
-1
-1
67
-1
-1
-1
110
-1
212
-1
-1
83
0
-1
-1
-1
-1
68
1
120
-1
-1
-1
-1
-1
110
17
-1
44
-1
-1
6
13
87
65
-1
5
-1
81
103
3
75
-1
-1
-1
57
-1
2
-1
76
72
-1
-1
38
-1
34
96
8
8
2
69
8
0
200
-1
-1
1
49
154
8
34
85
-1
-1
76
-1
-1
7
143
-1
4
-1
122
68
-1
78
-1
41
-1
45
-1
165
-1
80
132
-1
-1
3
-1
168
132
0
-1
166
-1
-1
-1
-1
11
26
65
-1
-1
153
179
-1
8
-1
-1
-1
0
1
121
-1
0
-1
-1
34
19
-1
170
-1
-1
95
-1
10
20
3
4
59
24
7
-1
18
2
150
141
129
4
94
148
0
-1
-1
68
-1
43
29
0
5
0
-1
-1
85
-1
-1
-1
-1
-1
-1
4
49
-1
20
180
3
-1
18
110
-1
-1
-1
213
1
-1
1
-1
21
68
-1
-1
-1
96
145
-1
1
167
46
30
14
-1
13
38
22
1
56
52
54
-1
-1
-1
92
183
1
-1
120
-1
36
16
34
73
-1
156
-1
11
-1
-1
192
0
13
114
4
166
-1
-1
-1
43
-1
140
10
-1
7
-1
-1
22
3
13
-1
65
98
-1
199
5
17
-1
-1
116
164
-1
8
64
163
-1
31
-1
132
-1
123
96
123
61
10
-1
0
-1
-1
191
57
9
4
18
-1
-1
9
24
162
68
-1
133
7
3
66
-1
-1
-1
83
2
58
-1
-1
-1
50
44
1
28
3
0
167
-1
178
22
-1
93
187
-1
41
-1
-1
-1
142
-1
28
82
2
-1
109
13
-1
130
-1
-1
1
74
37
44
-1
36
-1
85
-1
33
217
35
191
100
-1
157
-1
-1
0
-1
-1
-1
2
7
1
-1
217
17
-1
122
128
-1
91
117
19
86
122
31
1
-1
100
-1
-1
3
26
-1
-1
-1
-1
-1
84
1
-1
2
109
-1
19
21
-1
143
89
122
3
32
63
66
0
-1
36
11
50
60
42
-1
-1
30
-1
23
49
55
7
-1
-1
70
-1
0
-1
162
-1
128
-1
-1
-1
-1
64
1
5
-1
3
-1
-1
-1
62
-1
20
-1
44
110
2
51
16
15
24
2
91
12
48
106
-1
-1
-1
17
43
20
-1
-1
185
0
19
104
-1
-1
58
-1
-1
-1
-1
-1
-1
121
5
-1
98
-1
9
29
144
-1
10
-1
-1
-1
0
4
-1
-1
-1
16
118
-1
3
80
-1
-1
2
-1
1
111
3
-1
10
129
2
7
-1
-1
40
211
8
3
18
-1
219
-1
2
25
82
31
-1
5
-1
191
-1
111
-1
-1
146
69
-1
46
2
35
26
88
-1
20
-1
27
98
-1
108
20
9
-1
-1
4
-1
84
53
3
5
76
-1
-1
39
-1
-1
1
-1
42
90
-1
0
-1
-1
26
0
140
165
-1
3
2
-1
38
7
39
127
111
117
0
1
-1
-1
2
43
-1
0
1
182
-1
-1
-1
132
197
2
26
36
-1
211
-1
88
208
153
5
-1
121
49
-1
25
-1
74
195
189
67
102
-1
200
-1
14
-1
25
-1
100
159
35
186
196
-1
0
10
68
-1
-1
179
-1
9
0
12
1
2
14
150
92
172
8
29
-1
53
0
2
182
-1
66
-1
18
-1
-1
2
156
-1
-1
10
56
82
-1
56
-1
80
-1
-1
-1
2
-1
-1
-1
-1
-1
-1
4
124
43
12
-1
-1
54
7
2
-1
98
94
26
6
-1
-1
-1
99
-1
177
22
55
5
-1
72
38
-1
-1
180
-1
-1
7
-1
147
-1
33
27
-1
2
103
34
-1
-1
-1
-1
204
28
62
-1
-1
8
83
11
145
57
-1
32
4
-1
-1
-1
-1
77
31
1
56
7
16
-1
-1
-1
5
-1
13
-1
3
-1
48
0
-1
-1
-1
13
-1
119
56
32
1
14
2
1
-1
1
41
-1
181
187
0
0
-1
84
2
34
-1
16
-1
15
132
-1
-1
11
-1
68
62
171
179
-1
141
183
123
0
-1
5
-1
2
-1
-1
74
-1
-1
28
-1
7
86
-1
-1
-1
175
78
-1
63
-1
-1
1
-1
31
-1
1
5
55
-1
14
72
-1
-1
108
-1
-1
1
-1
-1
22
35
-1
63
-1
149
131
-1
-1
117
-1
-1
10
-1
-1
6
133
-1
7
-1
167
-1
135
111
71
-1
53
32
-1
-1
113
68
-1
168
-1
-1
149
-1
49
48
-1
-1
151
-1
-1
-1
25
32
-1
23
79
8
-1
-1
-1
-1
24
-1
36
-1
13
1
-1
2
85
-1
184
11
-1
-1
-1
-1
112
2
92
109
-1
-1
-1
76
-1
197
60
181
116
75
-1
22
1
16
0
15
-1
62
-1
178
15
-1
79
9
171
-1
-1
5
-1
20
70
-1
28
-1
94
7
115
43
5
40
10
47
-1
73
-1
-1
-1
-1
-1
-1
145
68
25
-1
-1
-1
95
-1
218
-1
-1
121
40
2
-1
1
33
-1
-1
-1
58
68
-1
-1
-1
-1
15
-1
-1
9
-1
-1
20
18
3
13
-1
136
-1
-1
-1
17
60
-1
-1
-1
13
39
127
-1
155
-1
4
122
149
-1
-1
32
-1
16
56
203
96
-1
217
7
-1
-1
1
-1
21
-1
2
88
-1
4
-1
-1
-1
160
4
23
73
55
2
70
9
1
17
0
92
-1
95
1
-1
198
-1
20
33
26
-1
-1
-1
75
-1
50
-1
-1
10
23
-1
177
-1
19
5
103
10
-1
