7
-1
17
-1
-1
1
-1
37
177
-1
6
-1
-1
33
-1
-1
118
65
-1
-1
-1
166
4
-1
168
-1
105
0
155
-1
-1
99
169
44
45
170
-1
2
65
1
0
23
-1
0
0
126
-1
6
89
-1
-1
128
-1
-1
12
2
-1
202
57
-1
-1
-1
46
51
-1
55
4
5
55
8
12
1
89
38
41
-1
2
-1
-1
-1
19
5
14
4
7
37
-1
-1
170
-1
-1
-1
41
40
-1
75
171
-1
-1
14
-1
117
6
-1
52
81
-1
15
116
79
45
-1
-1
-1
0
19
-1
2
82
-1
-1
83
41
-1
32
118
-1
1
0
58
-1
-1
-1
12
-1
115
0
-1
57
176
209
0
116
-1
119
175
-1
-1
167
10
21
136
44
-1
164
-1
7
-1
186
-1
-1
1
18
115
0
-1
-1
-1
-1
211
45
14
-1
-1
-1
-1
-1
-1
17
0
-1
-1
154
83
-1
-1
0
-1
68
23
177
4
84
-1
88
-1
-1
-1
1
8
1
-1
-1
-1
-1
87
63
-1
3
124
39
-1
1
172
-1
24
38
-1
-1
13
125
39
4
4
0
1
-1
-1
1
6
-1
-1
-1
16
196
146
4
-1
4
18
167
174
107
-1
2
-1
-1
-1
49
8
4
-1
49
60
5
57
0
2
0
11
19
171
-1
0
10
-1
-1
-1
207
71
-1
-1
59
-1
141
72
84
-1
-1
172
104
-1
-1
0
-1
-1
165
103
-1
8
-1
3
111
17
5
-1
0
6
202
44
3
1
207
-1
16
20
-1
-1
-1
-1
-1
206
-1
-1
8
-1
-1
97
0
-1
-1
96
33
-1
-1
2
79
-1
-1
-1
24
108
-1
-1
0
-1
-1
207
0
-1
-1
-1
-1
10
195
0
178
188
-1
-1
16
144
-1
-1
32
0
-1
190
41
115
-1
-1
10
-1
13
99
-1
153
20
50
-1
0
5
26
-1
-1
-1
-1
12
-1
21
45
1
60
-1
154
-1
27
6
-1
22
136
-1
-1
131
-1
4
4
-1
-1
2
16
15
-1
105
-1
3
-1
-1
-1
1
-1
74
-1
-1
1
-1
36
83
-1
69
-1
102
171
64
81
-1
-1
-1
-1
-1
89
-1
2
165
-1
19
170
-1
4
-1
166
-1
10
-1
-1
-1
2
28
43
-1
58
87
-1
-1
-1
1
2
27
6
-1
-1
-1
-1
51
-1
-1
-1
39
13
-1
3
16
-1
124
-1
-1
-1
58
0
64
-1
-1
-1
35
40
-1
140
72
88
5
135
7
4
3
-1
55
-1
-1
6
-1
-1
95
78
24
5
-1
13
165
-1
29
-1
-1
-1
1
76
0
-1
-1
-1
193
-1
31
39
78
-1
123
116
-1
22
-1
107
1
29
111
-1
134
9
-1
-1
0
0
155
4
-1
-1
0
-1
15
16
-1
-1
-1
125
94
-1
-1
-1
-1
-1
70
36
180
-1
-1
26
-1
8
18
72
37
-1
-1
6
45
-1
62
-1
17
10
64
6
-1
95
14
-1
0
206
-1
57
22
1
7
-1
-1
-1
31
181
-1
76
28
-1
47
38
169
-1
57
-1
127
197
80
-1
24
4
-1
22
127
6
207
-1
127
1
-1
-1
-1
5
105
-1
188
-1
41
9
-1
0
-1
147
-1
-1
5
26
-1
60
45
-1
30
20
99
19
-1
5
-1
82
-1
0
-1
8
54
2
-1
-1
-1
-1
109
183
0
0
0
-1
171
0
35
0
-1
1
92
57
-1
71
-1
-1
23
-1
-1
-1
55
-1
193
-1
-1
-1
54
-1
-1
-1
2
91
50
28
-1
-1
72
58
2
-1
-1
-1
-1
-1
104
-1
68
14
2
-1
-1
39
22
-1
39
135
0
90
-1
26
0
35
88
67
0
69
-1
-1
2
0
32
82
16
-1
-1
-1
-1
-1
-1
-1
14
120
14
64
-1
12
4
156
-1
0
-1
4
-1
1
197
39
-1
1
10
31
12
-1
0
150
-1
8
-1
-1
116
-1
96
53
-1
0
125
-1
0
132
203
39
22
86
12
22
5
-1
5
64
60
-1
-1
-1
42
206
-1
-1
-1
-1
2
18
46
-1
-1
-1
-1
128
7
22
-1
40
-1
3
46
5
69
-1
93
-1
4
4
20
-1
-1
1
74
-1
15
-1
12
-1
-1
-1
117
190
-1
60
51
-1
-1
89
56
10
-1
25
-1
-1
83
-1
28
70
6
1
6
120
78
8
-1
-1
-1
3
-1
56
2
1
11
-1
3
62
36
-1
15
-1
7
61
30
-1
-1
-1
47
-1
8
-1
-1
-1
2
138
62
27
-1
50
78
122
82
6
12
30
108
-1
-1
-1
38
-1
-1
85
18
110
7
170
-1
-1
5
2
19
116
3
12
-1
1
114
0
-1
199
1
-1
12
-1
0
-1
52
-1
3
200
-1
6
-1
147
51
45
-1
-1
-1
-1
0
-1
81
95
1
0
-1
-1
142
1
147
3
-1
-1
61
-1
-1
0
-1
3
102
-1
0
-1
-1
-1
1
105
92
153
53
6
-1
-1
2
-1
-1
49
49
4
95
0
25
8
-1
-1
4
29
202
23
121
126
-1
-1
194
-1
35
-1
1
33
176
39
116
1
1
-1
125
-1
157
-1
50
7
4
-1
109
-1
4
-1
147
1
-1
29
0
40
-1
189
15
15
111
1
159
12
-1
5
173
14
62
66
193
-1
52
-1
-1
-1
32
-1
7
-1
-1
-1
106
57
63
-1
-1
7
-1
88
0
14
75
-1
-1
3
5
-1
73
175
22
69
5
-1
145
89
168
-1
161
-1
-1
-1
-1
101
3
-1
14
-1
68
5
19
-1
-1
-1
45
43
5
9
-1
-1
183
-1
1
7
11
9
-1
-1
9
-1
1
3
-1
23
-1
66
176
117
96
61
-1
-1
-1
195
4
-1
-1
-1
4
92
-1
16
32
-1
70
-1
-1
0
200
-1
1
-1
82
139
1
-1
18
-1
169
-1
176
170
129
-1
4
1
31
-1
-1
-1
166
42
-1
-1
7
16
5
4
-1
30
-1
102
10
54
126
1
1
-1
2
15
94
178
51
-1
2
80
-1
188
2
19
37
-1
-1
-1
-1
35
94
15
-1
191
37
-1
-1
-1
-1
-1
-1
85
2
85
-1
47
-1
17
-1
-1
147
-1
3
5
-1
-1
192
-1
90
-1
-1
-1
83
27
1
-1
79
-1
19
-1
-1
6
14
-1
213
-1
-1
-1
45
-1
163
32
-1
2
91
19
0
-1
2
172
117
-1
-1
-1
-1
-1
-1
-1
145
-1
20
2
-1
-1
153
23
120
18
19
9
-1
-1
0
158
-1
-1
-1
7
29
-1
-1
-1
12
157
-1
-1
86
-1
114
2
59
-1
121
157
71
-1
-1
-1
-1
-1
-1
-1
16
-1
9
-1
0
-1
3
170
-1
-1
1
-1
-1
-1
0
66
122
59
34
31
1
13
-1
-1
-1
-1
36
-1
145
155
-1
-1
105
-1
-1
1
-1
62
38
163
12
-1
-1
14
-1
29
-1
97
39
2
179
61
-1
0
156
0
2
40
-1
2
9
-1
-1
-1
168
20
-1
-1
93
58
-1
12
1
89
-1
-1
-1
-1
4
1
74
74
-1
12
2
1
-1
29
-1
61
130
-1
-1
-1
-1
150
181
51
90
34
60
-1
126
0
-1
107
1
137
100
63
50
-1
3
-1
37
12
-1
-1
1
-1
15
-1
-1
19
3
83
-1
49
128
153
-1
-1
-1
-1
3
2
-1
0
10
-1
5
-1
0
-1
-1
14
-1
-1
-1
-1
156
-1
1
46
11
1
-1
-1
69
186
4
77
-1
1
18
-1
-1
41
-1
-1
101
87
-1
0
0
1
150
-1
-1
5
119
5
-1
-1
58
-1
-1
-1
61
-1
-1
58
3
-1
119
1
127
4
79
-1
41
-1
38
-1
-1
52
70
64
68
-1
-1
159
-1
-1
2
-1
67
-1
5
-1
5
-1
28
93
78
-1
-1
-1
-1
119
0
-1
11
-1
-1
93
-1
-1
4
-1
-1
0
-1
-1
-1
27
5
-1
-1
-1
1
0
9
167
-1
-1
4
-1
0
-1
6
-1
77
-1
-1
-1
44
-1
11
-1
-1
21
-1
120
18
0
59
0
-1
14
170
24
-1
-1
-1
13
210
-1
-1
1
48
48
4
-1
0
0
48
19
7
1
5
3
-1
10
20
-1
141
-1
25
34
-1
16
47
1
-1
178
1
-1
3
16
-1
36
18
141
-1
-1
-1
46
0
-1
39
5
4
0
106
4
5
-1
-1
0
46
4
-1
3
-1
0
-1
-1
2
205
75
-1
14
33
112
15
28
9
-1
149
189
-1
6
-1
2
120
-1
-1
-1
0
-1
-1
-1
-1
13
-1
207
15
8
-1
-1
86
17
12
5
149
-1
43
-1
142
-1
13
-1
34
43
125
-1
11
-1
30
-1
83
-1
-1
93
-1
85
-1
-1
84
93
6
5
-1
152
14
-1
-1
-1
-1
5
76
22
2
47
5
33
15
60
188
-1
-1
106
-1
74
0
148
39
6
13
-1
112
16
26
60
0
-1
-1
2
33
-1
6
21
0
114
5
-1
-1
15
8
-1
-1
71
23
144
61
141
58
160
58
213
187
-1
187
179
2
0
9
-1
114
110
-1
-1
-1
42
2
-1
65
18
-1
-1
14
-1
13
-1
-1
12
0
64
4
-1
6
-1
-1
163
-1
-1
-1
38
213
-1
23
20
-1
49
0
0
-1
25
-1
168
43
60
145
-1
-1
75
24
-1
-1
1
-1
3
-1
-1
16
-1
9
-1
41
111
1
-1
1
7
0
152
-1
-1
42
0
46
-1
124
-1
24
-1
-1
-1
6
26
-1
23
3
-1
-1
-1
2
3
77
30
118
24
24
-1
47
28
54
121
-1
63
-1
-1
-1
-1
0
3
-1
1
-1
-1
-1
5
81
-1
-1
-1
19
111
102
-1
-1
-1
-1
3
-1
-1
202
3
-1
5
24
189
145
76
-1
145
11
4
-1
-1
-1
1
-1
54
2
9
179
74
45
45
4
-1
114
-1
82
111
14
-1
-1
6
-1
70
-1
-1
-1
-1
-1
-1
1
-1
-1
4
16
37
72
-1
0
-1
0
-1
-1
1
5
-1
-1
32
3
-1
5
-1
196
15
-1
-1
95
3
-1
8
0
-1
11
4
30
0
-1
-1
-1
6
-1
-1
0
4
-1
35
-1
9
152
4
-1
138
-1
-1
0
-1
35
0
191
-1
16
-1
5
-1
180
-1
117
15
72
44
121
-1
-1
207
-1
41
0
-1
152
51
-1
10
128
4
6
60
8
3
-1
10
8
2
-1
1
4
160
1
-1
4
92
29
-1
34
-1
2
5
28
-1
107
-1
29
-1
1
110
-1
-1
-1
43
16
22
93
4
127
0
-1
7
-1
20
40
8
-1
-1
-1
-1
135
93
147
-1
-1
-1
-1
155
158
70
17
71
19
75
-1
94
-1
85
-1
40
-1
20
0
139
-1
1
-1
-1
-1
-1
14
9
4
-1
-1
-1
-1
8
-1
9
36
1
0
-1
9
40
38
8
57
186
45
-1
22
201
-1
-1
-1
6
18
-1
46
5
74
42
-1
24
6
-1
34
11
-1
-1
-1
-1
3
-1
0
-1
0
28
-1
130
13
24
-1
1
56
129
61
10
-1
-1
179
-1
-1
1
-1
133
70
92
22
30
54
205
78
1
199
-1
84
0
0
-1
0
26
10
24
124
4
63
24
150
83
-1
10
90
18
-1
139
-1
27
54
38
92
-1
-1
22
4
-1
-1
212
5
-1
206
76
132
-1
17
-1
-1
13
54
-1
16
-1
1
16
-1
55
-1
-1
-1
2
27
37
-1
0
8
-1
45
6
69
-1
35
43
151
0
9
2
-1
-1
-1
69
93
0
2
0
-1
2
87
81
5
-1
95
99
49
0
1
-1
-1
65
86
64
8
6
82
70
-1
21
31
-1
-1
38
7
-1
77
1
113
7
-1
4
1
16
0
12
-1
4
28
-1
-1
-1
9
80
178
176
-1
-1
4
-1
-1
-1
-1
-1
36
34
149
-1
-1
-1
126
4
-1
1
-1
-1
-1
70
150
-1
-1
-1
-1
-1
39
1
-1
-1
15
-1
9
64
83
-1
-1
-1
-1
3
180
1
-1
16
16
213
5
168
163
144
12
-1
7
3
-1
0
67
152
1
-1
142
13
-1
82
-1
8
-1
22
-1
66
35
55
-1
-1
22
-1
-1
1
3
-1
2
-1
0
-1
13
-1
164
-1
-1
5
-1
1
117
-1
5
-1
-1
89
-1
36
-1
-1
-1
38
-1
95
48
0
46
20
-1
131
114
155
-1
116
20
-1
1
-1
-1
57
29
-1
203
26
-1
0
20
-1
31
-1
93
-1
-1
4
-1
-1
175
133
0
21
41
-1
63
22
0
1
-1
152
109
-1
11
-1
4
-1
144
-1
132
5
-1
2
8
158
-1
-1
-1
213
99
-1
-1
141
-1
-1
-1
2
200
-1
64
0
107
6
35
-1
36
-1
-1
0
89
141
77
-1
21
0
0
-1
30
193
-1
-1
38
14
22
33
11
181
115
4
-1
-1
-1
-1
84
42
13
6
52
-1
1
33
2
-1
157
7
55
65
57
179
126
1
-1
31
-1
-1
-1
-1
-1
3
2
-1
-1
16
30
-1
-1
-1
117
14
11
137
124
36
3
-1
45
2
-1
91
-1
27
14
100
1
-1
-1
6
137
28
185
-1
-1
3
0
-1
-1
65
-1
-1
8
0
0
9
14
15
31
-1
39
0
-1
76
121
-1
-1
-1
69
75
-1
-1
39
6
-1
39
19
8
37
29
7
-1
-1
2
-1
109
5
-1
0
11
24
161
1
-1
-1
96
-1
-1
113
148
-1
51
-1
31
4
-1
7
148
-1
-1
108
-1
-1
84
97
-1
41
-1
45
-1
3
7
28
27
2
132
72
-1
-1
34
2
5
61
-1
1
145
-1
-1
-1
-1
61
64
-1
110
-1
-1
17
11
2
-1
88
140
-1
-1
134
61
-1
160
31
205
-1
-1
-1
14
91
154
92
1
164
-1
189
-1
-1
9
68
-1
56
11
-1
209
-1
73
0
82
1
62
-1
-1
-1
-1
-1
-1
-1
131
-1
58
6
-1
-1
-1
196
8
105
65
68
187
1
131
-1
18
1
60
60
137
-1
39
-1
-1
45
97
3
14
1
-1
122
-1
21
-1
-1
2
-1
34
129
-1
200
95
-1
5
122
-1
82
-1
-1
4
-1
-1
-1
131
6
85
4
36
87
118
5
1
-1
-1
71
10
180
201
-1
-1
0
45
3
79
2
68
18
0
86
24
-1
-1
47
1
69
153
-1
-1
88
135
4
-1
-1
186
161
-1
-1
71
-1
36
82
-1
0
-1
0
34
142
166
-1
-1
-1
-1
-1
4
-1
196
-1
-1
-1
-1
-1
-1
46
138
13
-1
75
15
-1
11
37
-1
4
1
1
-1
113
-1
60
-1
-1
16
21
1
147
11
120
-1
70
13
122
141
-1
0
-1
-1
2
-1
-1
5
114
33
-1
187
26
97
1
-1
3
0
-1
3
57
4
112
113
0
-1
10
1
119
38
-1
-1
5
-1
-1
-1
-1
9
171
148
-1
75
-1
2
73
-1
-1
-1
6
83
143
2
175
30
-1
-1
18
54
-1
-1
-1
16
210
146
91
105
69
5
38
138
111
3
-1
-1
134
-1
14
14
110
2
-1
-1
-1
-1
21
1
-1
184
-1
10
-1
12
98
150
-1
60
4
13
0
-1
-1
14
77
5
99
-1
84
-1
49
15
-1
-1
68
-1
4
-1
135
-1
-1
8
80
64
-1
51
11
197
13
39
87
101
-1
-1
-1
2
151
204
-1
-1
3
-1
25
-1
202
118
14
112
-1
126
199
56
161
-1
-1
43
-1
0
137
-1
50
-1
-1
-1
1
-1
-1
0
-1
10
43
8
118
106
43
140
-1
-1
110
66
-1
-1
0
173
9
127
1
-1
-1
130
2
-1
-1
-1
-1
-1
-1
4
28
44
13
-1
61
0
4
-1
-1
-1
89
-1
-1
-1
91
-1
0
-1
13
-1
104
14
19
-1
28
17
44
-1
8
43
-1
62
61
144
-1
5
87
-1
99
98
214
-1
1
54
-1
30
4
83
4
37
139
131
62
44
-1
0
109
55
179
118
-1
-1
191
4
79
-1
-1
4
3
40
-1
2
63
133
39
143
5
4
56
-1
47
-1
2
1
-1
-1
183
-1
112
-1
155
103
1
22
-1
51
46
5
-1
119
-1
121
6
67
157
-1
36
-1
102
-1
-1
-1
131
-1
-1
10
-1
-1
-1
-1
13
2
102
130
-1
-1
6
9
20
1
131
-1
-1
2
138
35
2
-1
103
-1
74
0
47
0
-1
-1
120
62
-1
128
0
185
-1
-1
6
-1
96
83
-1
-1
-1
-1
-1
97
44
-1
154
-1
1
48
-1
2
84
-1
137
34
2
29
-1
10
145
128
107
12
76
6
33
-1
-1
190
-1
4
-1
63
-1
-1
29
-1
118
0
6
15
1
-1
-1
1
6
-1
36
102
15
76
9
163
-1
-1
-1
45
95
0
5
-1
58
-1
-1
15
191
206
0
-1
-1
24
34
-1
-1
205
4
0
131
9
3
101
-1
-1
1
-1
118
177
16
-1
-1
-1
-1
0
177
0
-1
-1
88
10
-1
150
-1
151
198
14
0
0
1
34
-1
186
201
21
-1
-1
37
43
-1
100
207
41
-1
-1
4
5
1
38
2
7
19
-1
90
-1
3
186
49
-1
-1
-1
-1
56
153
33
1
-1
-1
-1
2
18
6
-1
139
-1
7
-1
-1
59
12
100
-1
-1
127
66
69
-1
4
13
9
-1
-1
2
-1
16
2
-1
121
150
-1
98
-1
24
0
123
-1
-1
0
85
8
40
21
4
107
-1
-1
-1
-1
-1
-1
85
-1
-1
124
-1
-1
92
-1
-1
56
104
-1
0
-1
4
5
-1
12
-1
-1
-1
-1
67
-1
-1
41
0
5
64
-1
114
-1
-1
25
20
-1
-1
12
-1
-1
65
-1
60
-1
-1
-1
-1
18
122
57
-1
-1
-1
5
-1
175
1
210
0
93
1
6
16
8
46
-1
3
5
-1
-1
54
-1
0
127
182
108
29
147
1
-1
92
1
-1
2
50
114
146
-1
196
-1
-1
-1
-1
125
2
-1
-1
107
39
-1
-1
23
115
-1
23
-1
-1
0
7
-1
-1
8
165
139
108
140
103
-1
-1
-1
-1
-1
-1
12
-1
135
-1
-1
-1
-1
48
122
182
86
-1
-1
16
-1
100
0
-1
123
-1
70
-1
-1
-1
56
77
-1
0
-1
12
31
-1
-1
-1
166
-1
-1
-1
4
164
2
88
78
170
3
-1
10
-1
-1
-1
-1
168
135
27
-1
-1
-1
89
-1
-1
-1
-1
58
-1
37
6
-1
-1
2
0
23
183
74
24
182
3
-1
-1
1
27
-1
-1
48
3
25
70
129
-1
96
149
-1
-1
-1
169
28
-1
9
122
-1
4
5
4
20
2
-1
-1
101
-1
193
15
147
90
23
12
93
-1
-1
48
2
-1
36
117
-1
97
56
-1
-1
152
-1
74
0
141
4
-1
54
-1
33
-1
9
4
54
-1
151
35
-1
3
197
13
22
1
54
-1
-1
29
-1
212
4
200
35
19
-1
2
55
37
-1
188
133
6
-1
151
162
124
89
92
3
205
26
-1
9
-1
124
129
10
-1
5
87
1
-1
0
-1
-1
46
22
-1
204
-1
-1
-1
-1
79
-1
-1
-1
1
24
118
-1
-1
10
-1
19
27
-1
15
-1
-1
18
-1
94
1
62
184
26
-1
-1
159
174
191
105
97
-1
71
170
37
-1
22
35
-1
7
-1
17
-1
-1
121
40
-1
-1
-1
-1
149
-1
11
38
55
-1
29
-1
174
-1
25
163
177
-1
-1
-1
-1
-1
114
-1
-1
-1
-1
139
0
-1
5
51
132
-1
4
98
171
170
4
-1
157
-1
23
1
16
57
-1
107
-1
141
-1
11
-1
6
-1
1
-1
17
-1
4
-1
106
162
-1
47
140
-1
-1
-1
19
49
28
-1
9
1
38
-1
130
2
-1
-1
-1
84
0
58
36
-1
4
-1
14
68
44
60
3
174
2
15
0
74
23
96
-1
44
-1
58
82
-1
72
-1
19
133
-1
2
-1
141
82
-1
8
95
183
1
-1
-1
68
-1
-1
139
31
-1
-1
140
-1
199
-1
0
-1
-1
-1
1
99
21
123
18
55
-1
62
63
4
-1
27
-1
6
-1
-1
-1
0
-1
49
1
17
92
-1
0
1
29
9
2
-1
-1
0
23
-1
-1
-1
-1
1
-1
124
-1
-1
-1
6
55
32
62
12
3
10
-1
-1
147
-1
184
56
206
43
-1
0
5
-1
205
-1
104
4
-1
14
0
-1
84
19
202
-1
28
171
-1
-1
-1
5
-1
12
-1
-1
-1
-1
2
100
-1
0
-1
146
7
-1
23
83
34
-1
118
182
-1
1
-1
2
1
0
0
138
35
-1
74
34
-1
7
3
90
-1
199
96
-1
-1
99
-1
-1
-1
-1
119
11
83
-1
-1
124
146
53
62
-1
4
-1
43
137
-1
-1
32
3
-1
76
150
29
-1
-1
2
0
-1
35
4
3
42
-1
-1
43
-1
1
201
-1
64
9
-1
-1
49
-1
-1
30
-1
22
4
2
-1
6
-1
-1
-1
-1
0
-1
157
-1
32
-1
85
47
60
36
159
-1
2
-1
69
-1
159
1
0
4
-1
2
-1
51
155
-1
21
67
-1
-1
9
-1
7
1
132
21
32
-1
2
-1
63
0
-1
159
-1
-1
5
-1
8
101
9
22
26
-1
-1
5
-1
20
-1
-1
6
4
-1
148
6
38
0
-1
0
-1
31
114
-1
20
5
0
9
140
108
6
0
20
6
-1
86
2
-1
65
-1
17
130
-1
-1
-1
0
-1
59
-1
-1
206
-1
-1
-1
4
63
49
0
100
77
-1
0
-1
-1
-1
95
-1
0
-1
67
-1
5
11
-1
42
-1
100
0
-1
-1
1
-1
84
-1
-1
-1
-1
-1
46
-1
90
-1
182
-1
-1
-1
-1
153
10
-1
-1
91
90
172
-1
2
-1
80
8
19
186
117
33
2
0
-1
42
-1
-1
10
30
27
14
-1
11
-1
-1
2
59
60
-1
4
33
-1
-1
6
168
-1
7
-1
31
-1
0
30
32
26
-1
-1
57
-1
46
52
21
-1
0
1
25
0
153
0
22
38
1
204
20
8
0
28
109
-1
162
4
-1
-1
15
37
118
26
7
23
-1
12
82
24
-1
16
49
52
160
1
0
67
-1
206
34
18
61
88
0
72
71
-1
59
65
-1
1
161
11
73
-1
68
4
0
6
2
41
95
211
22
-1
8
35
5
194
4
189
1
5
9
-1
-1
-1
2
97
84
-1
10
178
-1
32
50
84
-1
2
49
-1
-1
-1
-1
25
163
31
24
138
47
0
142
-1
-1
-1
-1
7
99
-1
6
5
0
-1
-1
-1
29
3
18
13
-1
34
56
15
-1
15
-1
-1
-1
164
-1
85
-1
118
47
42
6
-1
68
-1
77
0
77
-1
24
53
119
180
9
2
-1
10
-1
45
82
4
6
38
78
57
18
36
22
41
103
-1
119
203
40
-1
-1
-1
0
28
-1
-1
-1
92
4
-1
-1
-1
10
-1
-1
-1
25
54
10
-1
6
-1
-1
-1
129
0
-1
-1
0
-1
132
23
-1
10
81
75
17
-1
2
-1
135
0
-1
189
6
-1
3
-1
10
43
202
33
9
37
121
0
110
3
-1
13
2
30
102
95
14
181
1
-1
23
-1
-1
-1
2
41
-1
47
-1
-1
75
0
3
7
125
50
2
158
-1
66
-1
-1
42
-1
14
18
161
-1
-1
-1
-1
-1
-1
-1
21
64
45
-1
-1
27
7
5
95
30
17
121
4
2
-1
51
-1
1
-1
-1
-1
-1
48
8
59
-1
-1
127
-1
-1
-1
106
9
3
-1
-1
10
42
111
-1
-1
54
-1
-1
-1
36
-1
9
-1
-1
-1
95
173
88
96
11
-1
-1
-1
2
-1
70
-1
100
-1
2
1
119
92
2
-1
0
20
0
3
4
3
-1
5
106
40
-1
27
-1
-1
-1
107
65
-1
41
-1
89
-1
3
20
-1
-1
98
18
105
76
133
152
126
-1
11
8
0
133
-1
7
-1
-1
0
-1
-1
-1
99
9
1
134
104
0
-1
106
-1
1
-1
213
130
95
76
177
168
8
3
-1
-1
10
1
-1
-1
61
-1
151
1
87
4
42
-1
-1
119
-1
106
17
92
-1
-1
68
49
-1
67
3
68
167
-1
151
7
-1
-1
2
2
1
-1
-1
8
-1
-1
43
27
-1
2
28
-1
-1
201
-1
86
-1
1
-1
77
161
96
-1
-1
-1
-1
144
69
1
88
0
-1
-1
-1
-1
24
-1
50
13
73
131
12
0
91
-1
2
-1
25
6
17
43
-1
106
1
18
148
9
131
196
-1
1
-1
-1
87
-1
-1
-1
0
-1
-1
53
16
79
-1
-1
140
2
-1
0
177
-1
13
-1
-1
-1
-1
136
42
-1
-1
7
-1
-1
-1
93
75
-1
-1
162
19
5
-1
-1
47
77
-1
2
-1
193
168
18
-1
51
3
-1
36
93
64
1
23
26
-1
-1
-1
-1
78
-1
22
187
47
20
45
-1
37
46
-1
-1
6
197
-1
-1
32
-1
-1
34
79
0
76
96
62
-1
85
-1
-1
173
-1
1
181
-1
193
77
117
4
2
-1
-1
141
8
0
-1
8
47
63
-1
53
1
58
214
41
-1
112
36
-1
4
158
-1
140
-1
-1
8
-1
61
-1
33
13
69
142
15
-1
-1
4
-1
54
-1
135
9
83
-1
49
5
93
39
148
55
95
0
-1
169
-1
-1
88
62
196
156
11
-1
18
60
1
-1
12
-1
102
-1
-1
7
-1
-1
3
149
17
-1
3
157
62
-1
0
-1
-1
80
17
5
-1
11
40
-1
10
4
1
10
31
-1
11
127
91
-1
-1
5
-1
-1
-1
3
-1
87
-1
-1
20
109
87
132
85
12
-1
23
-1
120
21
16
19
-1
48
55
-1
30
-1
62
66
-1
186
164
144
-1
97
-1
20
27
103
0
33
-1
72
26
0
-1
63
17
-1
-1
44
2
178
15
-1
68
-1
-1
-1
1
-1
117
-1
116
10
52
14
-1
113
2
-1
-1
9
211
148
-1
187
49
143
-1
131
-1
-1
2
18
83
-1
-1
0
139
-1
126
-1
20
-1
17
146
172
108
-1
3
-1
-1
3
32
-1
-1
-1
-1
-1
-1
29
0
-1
160
-1
34
-1
37
-1
22
18
5
7
-1
0
16
-1
5
-1
-1
8
-1
-1
-1
-1
31
160
46
98
109
-1
8
154
1
-1
-1
-1
55
50
-1
12
39
0
29
16
-1
31
4
9
-1
-1
-1
65
37
-1
0
106
0
-1
-1
-1
20
0
184
77
31
-1
7
3
58
83
9
64
75
15
35
-1
-1
23
23
3
-1
54
67
27
-1
179
8
-1
136
46
-1
27
70
-1
147
10
57
-1
105
122
-1
-1
-1
-1
3
5
-1
-1
82
7
31
-1
-1
5
2
42
0
0
-1
0
-1
-1
-1
-1
-1
107
-1
-1
59
17
199
-1
-1
-1
1
9
-1
1
4
-1
-1
11
7
67
-1
88
18
-1
6
-1
0
33
0
144
-1
-1
-1
183
2
-1
-1
3
4
-1
38
1
23
22
0
-1
79
102
21
-1
-1
186
34
-1
-1
-1
134
-1
1
25
-1
6
94
-1
9
68
-1
174
91
3
19
112
26
-1
-1
1
37
-1
143
-1
6
-1
71
-1
162
28
-1
26
6
2
59
15
59
-1
-1
-1
3
13
189
44
0
0
-1
-1
-1
-1
36
-1
-1
2
-1
-1
76
58
26
17
-1
40
5
-1
-1
100
1
-1
123
-1
-1
-1
129
9
-1
7
7
4
1
-1
48
4
37
-1
15
7
0
-1
-1
16
-1
24
43
-1
-1
13
4
-1
-1
39
207
101
17
-1
108
9
201
1
6
109
199
-1
196
14
1
42
-1
-1
4
3
-1
139
57
-1
-1
12
212
2
6
-1
101
181
26
-1
-1
7
37
85
0
91
211
53
17
6
-1
-1
137
128
26
-1
2
46
-1
0
-1
56
20
-1
191
-1
1
21
72
-1
-1
114
-1
29
-1
-1
-1
4
-1
-1
1
2
168
89
47
-1
-1
1
22
-1
-1
-1
0
-1
-1
7
142
-1
67
-1
4
-1
19
169
93
5
-1
0
-1
192
-1
82
-1
-1
8
-1
3
-1
33
120
-1
135
137
-1
4
103
1
174
6
-1
27
-1
99
-1
124
8
58
-1
17
-1
2
86
-1
-1
1
-1
-1
62
-1
5
43
-1
-1
-1
-1
28
12
-1
-1
-1
40
112
97
-1
-1
2
32
17
-1
5
-1
106
200
197
-1
-1
81
-1
34
8
-1
-1
9
-1
-1
6
0
-1
-1
82
68
-1
0
-1
135
96
19
-1
56
-1
39
48
1
-1
-1
-1
-1
83
-1
61
1
2
142
20
68
148
56
5
109
47
79
73
65
31
-1
140
6
1
-1
-1
37
39
82
-1
-1
5
185
105
58
17
207
-1
0
101
-1
166
71
89
206
-1
2
90
-1
79
122
-1
-1
-1
-1
-1
-1
15
-1
0
212
0
3
-1
-1
7
14
95
-1
183
-1
127
46
4
128
0
8
102
-1
18
-1
-1
2
4
34
-1
36
19
14
-1
67
-1
-1
1
119
39
3
123
-1
46
5
7
-1
70
-1
-1
-1
3
-1
-1
20
44
77
51
-1
55
-1
6
65
-1
1
-1
26
-1
13
28
143
13
-1
-1
3
0
3
65
3
8
-1
-1
54
170
43
-1
-1
32
-1
-1
172
0
-1
67
-1
43
-1
75
-1
93
-1
-1
0
156
38
2
-1
-1
107
45
38
-1
-1
-1
-1
5
0
27
-1
-1
80
121
-1
-1
27
0
-1
-1
7
176
191
5
20
156
169
-1
-1
-1
195
29
17
5
0
3
1
-1
2
-1
-1
-1
66
4
5
9
34
-1
28
103
21
2
180
-1
-1
75
-1
153
-1
5
5
4
-1
1
0
-1
0
54
-1
-1
-1
-1
8
15
4
14
13
30
8
12
5
-1
93
2
1
56
7
2
10
1
-1
-1
105
-1
43
-1
-1
56
12
-1
-1
5
11
16
-1
10
1
149
1
-1
0
-1
17
-1
21
0
176
189
-1
116
142
-1
-1
-1
33
178
8
-1
-1
31
1
-1
-1
70
-1
121
5
104
-1
-1
-1
-1
2
-1
-1
34
-1
-1
0
-1
-1
64
-1
55
25
-1
-1
-1
91
115
4
-1
142
-1
-1
16
-1
-1
179
12
-1
139
91
131
2
-1
3
-1
-1
-1
75
117
0
-1
13
1
165
-1
112
116
2
6
-1
-1
5
-1
-1
0
-1
16
2
47
-1
-1
27
-1
24
-1
5
4
9
31
-1
72
17
-1
1
0
-1
2
0
14
69
2
48
46
-1
75
45
192
-1
154
-1
8
5
25
-1
1
5
6
35
68
146
-1
184
0
-1
-1
52
108
1
-1
7
2
17
80
0
-1
3
42
-1
97
-1
-1
37
5
188
-1
1
-1
2
103
4
-1
201
-1
36
134
9
50
74
82
-1
85
-1
-1
-1
126
76
60
48
123
-1
10
6
75
-1
53
-1
81
43
-1
-1
-1
-1
-1
48
79
-1
67
170
-1
-1
-1
9
60
20
15
0
-1
-1
27
-1
0
-1
-1
161
20
29
0
-1
90
-1
-1
6
0
-1
34
-1
121
80
0
3
211
-1
-1
105
24
24
-1
-1
-1
-1
11
5
-1
19
77
-1
179
6
123
-1
111
-1
26
-1
-1
-1
105
4
-1
160
11
56
-1
0
136
42
183
-1
5
14
-1
-1
-1
195
64
59
127
80
7
9
42
-1
-1
-1
1
4
44
86
-1
10
3
0
87
11
-1
60
6
-1
2
-1
57
153
-1
7
75
6
-1
3
72
-1
108
34
-1
-1
-1
2
5
0
-1
-1
185
-1
97
129
0
-1
0
104
33
118
-1
-1
0
119
137
108
-1
14
8
-1
31
0
6
68
1
1
122
40
-1
0
8
-1
-1
0
-1
2
9
6
89
-1
7
173
-1
-1
0
0
-1
182
0
-1
0
-1
163
-1
23
-1
9
-1
42
-1
-1
65
156
-1
9
12
13
154
4
-1
4
-1
-1
3
-1
6
4
14
0
121
1
0
-1
13
177
0
51
-1
-1
0
118
-1
174
134
49
-1
139
6
-1
21
46
0
-1
-1
22
82
0
120
49
178
0
151
-1
202
205
46
164
1
-1
-1
-1
136
-1
-1
0
133
-1
0
64
32
1
-1
30
-1
28
3
192
-1
11
-1
1
57
5
189
85
-1
4
5
-1
6
-1
20
162
4
196
27
4
76
146
5
5
-1
19
-1
156
88
79
4
-1
42
-1
115
173
124
26
175
6
72
10
-1
61
80
16
62
-1
-1
-1
125
32
12
39
16
119
58
101
-1
0
-1
-1
-1
-1
-1
-1
22
8
86
-1
8
5
-1
138
1
10
106
78
1
-1
173
77
19
-1
-1
-1
154
1
29
74
13
51
120
77
-1
0
107
210
47
25
-1
125
63
-1
83
-1
73
-1
-1
86
32
5
90
-1
57
19
-1
72
0
-1
-1
139
36
49
2
7
-1
-1
0
-1
-1
22
182
-1
23
-1
22
4
21
109
36
56
-1
24
21
3
-1
-1
93
3
158
159
1
1
-1
167
79
-1
1
7
-1
48
141
25
-1
0
74
-1
20
-1
42
-1
51
-1
63
48
-1
84
-1
-1
-1
-1
35
10
-1
-1
-1
29
84
60
196
29
0
87
46
31
7
-1
118
-1
-1
29
-1
-1
27
-1
11
111
94
2
-1
-1
19
4
-1
-1
6
35
5
-1
11
151
10
-1
-1
4
21
-1
13
126
-1
148
3
-1
4
29
1
0
62
-1
9
46
6
137
-1
-1
203
114
16
0
-1
-1
213
-1
36
-1
63
117
0
-1
182
141
137
-1
56
-1
-1
2
-1
-1
-1
-1
153
27
-1
-1
213
30
135
81
-1
-1
51
-1
-1
-1
1
-1
-1
168
19
-1
112
-1
0
8
0
50
3
171
10
-1
-1
66
-1
0
-1
38
164
-1
69
8
120
-1
6
176
149
-1
4
5
2
128
-1
1
-1
-1
-1
-1
-1
134
179
-1
20
-1
-1
-1
81
-1
-1
94
31
-1
-1
6
-1
5
-1
26
8
-1
19
111
10
35
40
54
-1
165
-1
31
-1
22
-1
-1
-1
35
-1
5
-1
2
0
-1
1
-1
-1
73
-1
-1
126
-1
2
26
8
14
190
2
-1
20
111
-1
40
128
-1
108
83
149
1
43
12
193
0
4
-1
-1
31
-1
5
1
-1
-1
6
23
-1
-1
-1
50
106
-1
43
86
-1
-1
78
-1
-1
47
-1
-1
-1
201
-1
20
-1
75
161
-1
-1
-1
48
-1
74
127
3
170
187
-1
-1
-1
103
-1
-1
-1
-1
-1
3
23
38
-1
9
44
39
208
-1
0
53
-1
-1
151
4
111
-1
-1
-1
23
3
17
4
132
-1
36
-1
66
68
-1
112
-1
9
-1
55
42
2
-1
-1
47
0
-1
2
126
-1
-1
-1
49
1
5
9
173
3
66
105
5
6
16
-1
-1
-1
-1
4
-1
34
18
100
160
3
187
22
49
-1
43
74
117
16
1
-1
-1
0
30
21
125
137
58
96
-1
63
16
2
-1
175
-1
100
107
-1
36
12
81
5
-1
33
46
122
-1
160
11
-1
83
56
70
195
-1
2
-1
5
198
29
-1
-1
21
77
27
129
10
-1
111
202
-1
-1
-1
32
-1
43
-1
18
-1
95
-1
185
-1
11
5
-1
134
-1
24
-1
-1
-1
71
-1
12
-1
-1
30
6
-1
4
-1
107
-1
154
-1
-1
33
-1
70
5
113
16
-1
101
3
-1
3
-1
1
186
-1
0
-1
-1
6
-1
69
0
-1
17
0
-1
145
-1
0
16
-1
90
181
-1
-1
-1
2
-1
-1
-1
0
27
35
50
-1
5
-1
-1
2
22
151
-1
-1
51
-1
-1
6
-1
-1
-1
-1
9
26
50
-1
3
43
38
-1
-1
-1
-1
-1
21
201
178
72
117
40
62
138
48
-1
0
-1
17
66
18
-1
-1
-1
31
-1
42
8
135
-1
1
20
29
42
24
-1
-1
5
-1
169
2
-1
88
4
-1
70
1
-1
-1
133
-1
133
122
195
62
-1
-1
-1
59
65
9
-1
116
187
4
-1
22
100
-1
-1
5
25
5
19
29
-1
4
35
2
2
1
24
176
1
2
168
-1
-1
-1
-1
1
94
-1
-1
6
7
-1
-1
-1
5
-1
0
34
-1
-1
-1
64
155
-1
-1
0
35
5
12
2
-1
53
21
2
-1
-1
-1
-1
3
172
167
-1
-1
188
54
-1
-1
2
-1
0
206
183
2
23
-1
6
-1
25
-1
112
44
7
19
1
-1
-1
-1
-1
0
4
0
-1
13
-1
7
0
-1
87
0
-1
-1
-1
-1
179
-1
53
-1
9
-1
37
-1
5
-1
-1
-1
24
-1
-1
182
18
102
-1
29
98
-1
8
-1
146
99
-1
-1
-1
-1
-1
110
-1
159
-1
73
1
3
-1
-1
19
-1
14
180
20
183
12
-1
-1
52
93
5
6
6
109
40
164
30
44
-1
25
47
-1
152
1
-1
-1
3
3
53
2
-1
-1
9
-1
-1
125
31
8
5
1
-1
11
51
-1
4
-1
-1
-1
-1
90
3
13
1
-1
35
-1
59
0
128
176
4
34
127
53
136
-1
-1
-1
5
13
96
-1
-1
1
-1
-1
154
-1
14
154
103
-1
-1
-1
-1
-1
13
55
-1
-1
0
-1
-1
-1
2
12
5
0
4
2
-1
10
-1
154
0
5
-1
-1
40
1
144
0
-1
0
85
-1
148
1
21
-1
80
-1
4
-1
1
142
-1
-1
5
107
95
0
-1
-1
13
6
-1
66
90
95
-1
31
125
77
38
-1
-1
2
123
30
39
203
-1
3
-1
6
86
-1
-1
-1
155
0
2
-1
-1
18
-1
33
-1
-1
-1
2
12
-1
-1
36
-1
-1
2
4
106
93
8
27
29
126
-1
28
-1
6
5
79
89
77
1
21
92
-1
-1
39
-1
-1
200
-1
0
2
1
25
179
-1
115
4
162
-1
8
-1
2
-1
-1
8
1
-1
5
-1
-1
-1
-1
144
29
13
76
-1
168
-1
3
53
133
-1
185
158
173
-1
148
155
170
6
-1
0
49
-1
0
-1
-1
8
97
3
119
151
135
-1
-1
-1
-1
18
-1
-1
8
6
-1
10
43
22
180
-1
198
2
-1
78
0
94
153
157
1
31
-1
-1
-1
-1
55
-1
-1
-1
31
0
13
0
4
-1
-1
1
-1
-1
-1
165
103
1
4
16
-1
38
-1
0
29
-1
95
-1
189
-1
45
128
0
-1
164
-1
-1
34
6
-1
-1
-1
23
-1
137
0
1
169
-1
-1
-1
1
65
68
-1
0
-1
-1
15
34
2
12
1
57
-1
11
-1
-1
-1
-1
85
54
4
75
22
-1
202
-1
37
-1
-1
16
-1
48
69
-1
0
-1
47
93
2
145
23
4
44
-1
-1
-1
51
90
76
-1
121
0
-1
101
21
181
-1
1
178
-1
-1
43
213
27
202
0
71
0
-1
138
67
157
31
-1
2
-1
52
-1
-1
3
57
101
94
-1
-1
147
98
12
4
34
6
-1
-1
-1
5
9
89
-1
-1
-1
9
37
0
0
-1
2
67
109
28
6
1
50
6
28
27
-1
70
35
-1
2
-1
-1
-1
-1
-1
-1
-1
41
16
-1
49
166
78
37
2
24
8
30
175
-1
-1
23
-1
58
132
1
5
-1
76
-1
66
20
-1
-1
56
0
78
-1
106
0
-1
-1
10
21
4
82
-1
61
136
0
34
2
41
-1
126
18
-1
-1
0
0
-1
-1
-1
36
146
-1
-1
-1
-1
85
106
-1
42
-1
0
15
85
75
7
2
3
181
-1
16
1
26
3
198
43
1
-1
15
-1
2
32
-1
15
-1
64
111
80
128
48
-1
63
132
102
87
186
-1
85
-1
14
-1
-1
-1
-1
-1
18
-1
-1
-1
140
26
-1
38
1
-1
-1
42
2
-1
69
3
36
1
-1
123
163
-1
-1
194
-1
-1
-1
-1
49
81
166
-1
162
-1
-1
-1
47
4
-1
-1
116
-1
40
156
-1
-1
1
23
-1
5
105
1
-1
-1
104
166
-1
36
5
-1
-1
-1
110
7
162
16
-1
40
141
7
38
-1
35
9
82
84
50
6
125
-1
2
-1
44
3
2
212
10
122
107
-1
-1
0
-1
0
0
78
-1
157
1
0
-1
-1
23
89
27
-1
-1
-1
4
-1
-1
105
56
-1
-1
0
3
94
103
90
-1
20
-1
61
3
-1
56
-1
-1
1
108
-1
-1
2
6
6
16
4
-1
98
-1
-1
-1
190
35
-1
19
-1
-1
1
7
36
-1
-1
161
-1
123
115
84
1
-1
10
-1
122
-1
49
7
-1
1
157
-1
153
-1
-1
0
32
-1
23
44
71
33
57
-1
13
-1
-1
50
28
-1
62
-1
3
42
137
-1
7
-1
12
17
85
-1
77
-1
81
55
80
-1
-1
43
-1
-1
155
55
125
13
86
102
4
113
-1
111
-1
-1
166
-1
6
125
1
21
-1
-1
95
-1
37
5
80
-1
159
-1
139
61
211
-1
2
-1
38
74
174
-1
-1
-1
46
42
-1
-1
1
128
162
71
167
120
0
-1
17
-1
1
4
-1
-1
1
12
22
2
49
-1
75
147
2
-1
-1
-1
-1
-1
10
4
14
47
155
27
-1
1
38
2
16
7
0
154
-1
0
5
81
43
-1
-1
-1
-1
-1
37
-1
63
-1
64
13
-1
-1
-1
77
-1
2
-1
-1
-1
-1
0
-1
-1
-1
12
1
89
139
-1
-1
105
28
-1
-1
22
-1
28
31
-1
37
-1
187
3
12
44
33
103
-1
24
108
17
119
-1
-1
146
153
35
-1
-1
102
103
42
13
85
190
-1
-1
169
198
-1
118
4
67
1
-1
5
-1
26
-1
-1
-1
-1
88
14
-1
65
-1
156
0
36
-1
0
69
140
-1
194
65
96
-1
0
36
11
-1
20
-1
-1
108
-1
-1
-1
-1
61
1
28
34
-1
109
45
57
-1
4
-1
-1
8
30
5
69
-1
35
-1
68
9
64
127
155
53
-1
1
184
0
-1
-1
-1
-1
1
14
-1
40
-1
213
-1
-1
13
86
1
82
54
1
110
2
-1
91
-1
209
-1
108
4
85
11
24
-1
-1
-1
1
-1
159
-1
56
1
72
-1
9
-1
44
7
-1
40
1
131
-1
0
-1
5
93
60
-1
101
-1
19
16
19
-1
122
-1
1
6
84
65
-1
161
-1
-1
-1
25
160
0
-1
0
21
0
-1
4
82
53
29
6
2
46
1
-1
-1
-1
120
-1
4
-1
182
-1
149
104
1
143
-1
123
2
35
54
10
-1
118
41
23
-1
-1
-1
59
67
-1
-1
3
1
0
196
0
9
30
-1
148
1
78
0
-1
-1
13
1
-1
0
172
158
144
-1
9
-1
2
65
109
85
76
-1
3
-1
6
2
-1
13
2
2
5
74
36
187
80
-1
59
-1
9
-1
145
123
-1
197
6
5
19
-1
15
131
-1
-1
4
172
25
4
6
88
18
115
-1
-1
65
135
-1
4
45
23
133
-1
160
-1
66
38
5
-1
44
-1
-1
33
-1
-1
95
158
-1
-1
3
-1
-1
30
203
24
97
145
16
120
87
158
74
110
114
-1
196
60
3
2
-1
-1
-1
101
-1
-1
55
114
62
4
23
6
92
55
-1
-1
10
-1
-1
41
-1
4
2
136
-1
126
-1
0
126
-1
110
146
83
6
-1
18
-1
-1
12
84
-1
0
10
-1
17
84
-1
-1
6
8
28
2
27
48
-1
-1
-1
14
8
-1
17
90
-1
-1
-1
2
43
4
1
-1
-1
-1
8
2
0
4
-1
5
130
169
12
0
172
-1
-1
50
-1
15
-1
68
-1
173
-1
63
8
10
-1
-1
-1
-1
53
47
-1
-1
-1
27
0
95
37
-1
-1
7
54
-1
-1
113
92
25
6
-1
-1
67
97
5
-1
147
-1
-1
153
-1
119
-1
-1
38
-1
5
37
130
66
17
171
-1
-1
-1
0
40
39
50
1
6
10
-1
38
-1
3
-1
23
0
71
-1
1
-1
-1
-1
-1
-1
6
-1
41
6
113
72
6
6
-1
27
-1
9
7
27
-1
-1
0
8
-1
72
-1
55
179
-1
54
-1
11
-1
17
180
26
-1
32
-1
7
207
23
20
-1
4
-1
9
68
-1
0
22
-1
-1
-1
-1
0
5
-1
-1
6
77
132
11
3
-1
25
102
17
-1
-1
150
-1
1
62
10
58
88
178
4
1
183
68
-1
0
82
191
30
103
120
107
97
159
-1
34
47
-1
51
1
-1
-1
-1
-1
92
12
-1
4
2
-1
105
12
71
-1
34
-1
-1
53
91
-1
163
18
7
-1
-1
122
-1
-1
94
-1
84
102
183
20
126
95
-1
3
-1
65
136
-1
19
-1
-1
6
-1
-1
2
8
-1
39
-1
78
0
82
3
-1
-1
191
0
155
160
41
73
0
133
102
94
7
-1
-1
175
-1
-1
10
-1
51
68
9
9
1
124
3
-1
7
4
-1
2
-1
13
68
2
-1
86
-1
-1
16
-1
-1
203
56
-1
-1
69
-1
115
4
69
158
-1
-1
10
-1
141
-1
2
-1
0
-1
16
-1
38
-1
11
-1
4
1
-1
1
-1
24
18
-1
-1
199
114
51
67
-1
-1
133
4
-1
21
28
17
0
82
15
27
57
-1
3
-1
6
5
6
90
46
0
-1
30
99
132
2
159
18
28
-1
11
123
112
-1
6
114
17
-1
-1
-1
-1
6
22
72
-1
128
53
-1
-1
2
-1
-1
125
36
-1
187
0
23
161
156
0
32
-1
54
1
-1
1
-1
1
74
167
1
31
2
-1
-1
-1
0
143
80
104
90
-1
-1
122
78
1
-1
92
-1
29
-1
2
149
31
57
-1
0
113
-1
161
7
-1
-1
34
23
118
-1
1
-1
4
35
9
-1
-1
-1
-1
-1
51
-1
30
-1
24
-1
8
26
-1
-1
-1
5
1
-1
-1
-1
0
19
92
60
148
-1
0
28
-1
0
-1
-1
119
4
10
-1
-1
152
1
2
60
138
6
-1
-1
144
0
87
-1
41
-1
-1
-1
10
-1
43
-1
-1
203
-1
-1
7
0
0
-1
8
-1
2
5
-1
-1
75
100
-1
11
-1
-1
81
159
100
-1
1
-1
0
22
6
-1
5
-1
-1
17
37
134
166
9
8
16
-1
-1
-1
-1
72
63
-1
3
58
33
-1
63
-1
144
0
-1
78
98
152
-1
-1
110
58
-1
142
71
94
3
7
14
-1
0
1
-1
-1
-1
60
17
-1
143
-1
-1
-1
-1
86
0
26
149
46
107
205
-1
-1
102
147
21
55
-1
-1
53
-1
81
107
14
-1
-1
102
11
2
-1
-1
140
0
8
-1
55
-1
30
87
-1
2
-1
1
90
90
-1
-1
72
30
9
13
38
214
152
-1
-1
144
-1
-1
-1
150
174
95
3
44
52
94
-1
-1
-1
170
150
74
-1
0
18
20
-1
3
85
174
4
0
0
24
-1
-1
-1
-1
6
56
131
-1
-1
178
-1
5
177
-1
5
-1
-1
194
-1
97
7
35
59
0
-1
191
130
-1
-1
28
-1
-1
-1
124
58
-1
190
-1
-1
107
166
-1
48
-1
194
48
2
-1
-1
3
6
56
-1
29
-1
12
1
90
137
17
7
-1
-1
-1
1
133
13
-1
-1
88
97
-1
-1
155
68
0
-1
3
74
21
-1
2
-1
-1
50
5
-1
98
46
10
-1
19
4
-1
48
-1
64
10
71
-1
195
24
-1
91
-1
158
13
3
-1
-1
194
8
47
-1
39
-1
-1
66
-1
65
0
2
0
-1
85
8
2
8
23
1
115
4
105
59
79
71
-1
-1
0
-1
-1
0
-1
21
0
-1
1
171
35
13
5
-1
-1
53
5
-1
50
35
-1
-1
55
-1
-1
35
0
-1
-1
-1
58
-1
-1
-1
42
183
-1
12
-1
176
86
-1
43
30
145
-1
8
-1
-1
-1
-1
132
-1
206
54
10
15
3
0
2
11
57
-1
-1
-1
117
-1
90
156
-1
-1
-1
18
-1
-1
29
-1
-1
85
-1
-1
24
127
-1
0
116
1
9
-1
75
31
-1
38
50
1
61
-1
1
26
71
-1
-1
-1
-1
42
-1
196
195
5
115
87
152
-1
165
97
169
-1
77
-1
96
-1
30
-1
41
0
4
15
-1
-1
155
50
0
3
15
-1
5
1
17
-1
-1
-1
-1
0
0
35
15
143
-1
85
-1
-1
76
0
-1
-1
8
-1
19
0
-1
154
36
22
0
8
-1
-1
5
13
136
-1
73
7
143
-1
-1
9
-1
66
-1
68
9
-1
-1
32
104
114
102
48
-1
84
-1
114
-1
-1
1
129
0
0
107
84
0
4
25
5
-1
36
-1
-1
-1
0
-1
-1
205
-1
12
-1
85
-1
-1
-1
-1
0
115
111
28
-1
-1
18
-1
4
168
13
0
141
-1
0
-1
4
160
-1
-1
5
30
165
-1
45
0
-1
0
23
121
45
-1
28
-1
-1
-1
-1
-1
151
-1
-1
8
-1
-1
10
14
-1
177
3
-1
129
4
-1
66
-1
78
6
1
55
83
21
3
17
-1
174
-1
-1
-1
-1
4
1
-1
52
-1
1
1
-1
13
-1
1
-1
-1
-1
-1
-1
3
0
12
1
-1
0
92
-1
-1
61
25
16
-1
1
155
173
134
-1
-1
-1
158
-1
141
-1
-1
-1
-1
6
-1
-1
17
0
20
-1
-1
-1
-1
-1
-1
-1
1
-1
0
-1
-1
3
-1
166
118
-1
-1
64
-1
34
-1
156
192
143
2
-1
157
6
2
1
-1
150
-1
1
0
117
-1
-1
12
0
-1
0
35
5
30
15
-1
-1
15
2
0
-1
94
-1
-1
26
-1
112
-1
63
-1
-1
-1
-1
-1
-1
81
-1
5
-1
-1
26
1
15
6
2
185
-1
14
13
5
189
140
-1
45
3
199
5
-1
-1
72
141
18
-1
-1
26
6
14
47
-1
169
2
5
154
27
-1
12
54
27
40
3
4
-1
6
-1
130
0
-1
1
-1
-1
51
61
-1
174
144
1
-1
-1
-1
48
-1
104
74
1
26
194
70
1
0
171
67
-1
41
-1
102
43
177
-1
51
13
25
0
17
128
-1
56
16
9
165
56
186
67
0
27
28
-1
50
52
123
-1
12
20
31
54
211
5
115
12
-1
-1
-1
15
28
24
29
109
-1
-1
5
42
-1
47
61
2
45
-1
1
48
180
-1
-1
-1
0
2
3
-1
-1
6
19
56
-1
0
63
-1
10
29
-1
19
27
0
-1
60
77
0
195
152
-1
12
-1
129
-1
-1
-1
4
-1
-1
-1
-1
-1
-1
8
-1
-1
-1
2
89
38
3
180
-1
61
-1
8
54
55
-1
-1
1
16
117
10
54
143
10
32
-1
76
52
163
-1
-1
-1
-1
24
123
-1
24
145
27
35
-1
3
3
64
148
79
75
4
-1
162
-1
103
-1
96
-1
50
-1
0
-1
4
99
-1
-1
-1
52
55
4
-1
-1
106
65
0
-1
-1
1
81
-1
2
-1
-1
83
69
115
-1
-1
-1
97
136
6
-1
32
153
-1
-1
57
6
29
1
-1
15
-1
128
55
43
-1
-1
-1
160
1
17
-1
31
21
-1
-1
166
-1
1
19
47
-1
61
-1
6
-1
-1
21
54
0
-1
3
148
93
22
57
171
51
3
37
132
9
-1
4
15
2
-1
143
-1
3
-1
-1
-1
-1
212
7
-1
137
0
4
-1
111
204
-1
2
-1
-1
2
-1
36
-1
3
16
3
0
-1
33
-1
75
1
4
16
-1
-1
1
-1
1
45
-1
7
-1
-1
130
13
31
22
-1
26
-1
97
65
20
-1
-1
-1
135
182
-1
30
-1
61
170
35
4
8
-1
-1
19
-1
-1
-1
46
0
-1
61
-1
114
160
36
1
-1
81
190
52
107
77
-1
26
-1
194
-1
198
-1
68
-1
-1
-1
149
-1
197
168
1
1
0
-1
53
1
150
70
-1
114
-1
-1
-1
-1
-1
149
193
89
-1
-1
-1
2
16
-1
56
-1
-1
2
85
-1
5
78
6
-1
-1
14
-1
-1
22
62
60
-1
-1
46
-1
31
112
-1
15
-1
6
-1
0
-1
-1
25
76
74
151
-1
31
121
188
-1
62
-1
3
10
125
-1
4
-1
-1
70
2
75
-1
53
188
14
-1
176
-1
64
124
-1
2
5
78
173
105
0
-1
139
-1
2
-1
-1
9
17
56
-1
-1
143
-1
89
15
-1
154
-1
0
113
98
-1
0
-1
1
31
-1
-1
145
-1
37
-1
-1
129
18
5
4
82
23
-1
1
11
44
165
133
101
4
58
-1
0
2
-1
70
-1
49
37
0
-1
0
-1
-1
121
-1
67
2
98
-1
140
4
-1
26
18
182
5
1
11
149
6
192
-1
207
-1
-1
76
-1
3
-1
131
-1
-1
-1
128
62
-1
-1
43
1
-1
19
16
46
1
42
63
35
47
-1
-1
3
87
162
-1
9
114
-1
45
-1
31
138
-1
190
15
9
0
2
-1
0
16
48
4
139
-1
-1
-1
167
-1
164
26
1
10
-1
-1
1
5
16
19
56
89
59
132
40
41
-1
-1
91
160
-1
15
57
144
-1
34
-1
-1
-1
111
112
111
54
26
-1
0
-1
0
172
14
7
4
11
-1
-1
7
23
158
-1
1
-1
10
5
1
-1
28
-1
1
-1
25
2
2
-1
51
-1
76
24
5
0
159
53
-1
1
146
32
171
99
53
1
-1
25
175
-1
-1
72
44
-1
79
16
-1
119
-1
48
116
1
36
50
66
45
-1
-1
-1
3
200
29
172
0
2
163
-1
-1
0
146
-1
4
13
-1
-1
62
200
-1
-1
104
146
6
95
130
59
86
104
34
-1
-1
0
-1
-1
5
-1
-1
-1
-1
2
-1
84
-1
64
44
79
-1
59
3
136
125
-1
104
5
27
65
1
0
-1
45
9
51
61
73
8
4
1
101
30
-1
71
10
-1
-1
3
-1
0
-1
158
-1
-1
-1
-1
-1
-1
57
107
-1
-1
5
6
8
-1
20
67
18
32
50
149
92
93
19
8
23
13
95
12
94
102
-1
-1
-1
41
49
18
-1
-1
154
0
99
28
-1
-1
25
1
-1
-1
169
-1
17
98
-1
2
89
-1
-1
37
3
0
26
-1
-1
-1
0
4
-1
-1
-1
19
105
-1
5
64
-1
-1
-1
-1
-1
103
5
190
-1
101
44
-1
1
-1
38
6
-1
5
11
-1
8
-1
44
-1
72
-1
-1
40
-1
172
-1
103
-1
28
81
6
-1
43
13
29
17
83
78
18
-1
-1
89
-1
6
-1
-1
-1
-1
4
-1
84
55
5
-1
62
-1
-1
2
1
2
76
2
-1
69
0
0
-1
1
17
0
164
176
-1
5
92
-1
46
10
-1
120
103
130
0
113
79
188
92
49
194
0
-1
189
-1
86
-1
124
2
-1
-1
-1
-1
-1
-1
83
-1
143
-1
194
-1
74
-1
33
-1
1
-1
32
68
-1
-1
203
4
21
8
-1
-1
0
174
29
-1
177
11
0
129
70
62
-1
-1
-1
-1
0
12
-1
13
21
165
87
131
15
37
150
55
0
52
189
-1
1
-1
-1
8
103
13
190
-1
6
26
63
72
-1
63
2
64
-1
1
-1
134
-1
-1
-1
-1
-1
-1
4
115
49
12
2
-1
47
10
-1
2
89
58
17
2
-1
98
14
97
-1
161
1
71
40
-1
60
46
17
25
182
22
-1
10
-1
4
-1
3
22
194
-1
199
31
10
177
-1
11
169
-1
20
-1
-1
-1
1
9
128
14
-1
27
4
6
2
-1
-1
96
34
-1
63
10
19
-1
3
-1
-1
-1
16
14
5
-1
94
0
-1
-1
-1
-1
-1
106
63
27
42
21
-1
-1
-1
42
53
-1
-1
171
0
0
2
84
-1
31
-1
-1
4
8
124
-1
50
9
-1
70
20
123
-1
-1
133
162
111
0
-1
142
-1
-1
-1
-1
1
-1
-1
24
-1
10
86
181
-1
2
166
75
3
65
-1
-1
113
53
34
-1
-1
-1
71
191
21
60
2
130
6
-1
1
-1
1
-1
1
29
-1
65
1
-1
127
7
-1
130
-1
1
-1
-1
-1
2
148
2
10
-1
159
8
170
103
6
93
55
27
-1
-1
109
-1
2
-1
-1
-1
-1
-1
-1
94
-1
1
140
-1
-1
176
33
27
-1
30
66
-1
-1
-1
95
130
23
-1
45
29
16
76
108
13
121
-1
157
9
-1
-1
114
4
100
-1
87
79
-1
-1
-1
62
-1
2
61
53
91
-1
-1
1
-1
19
0
8
-1
20
-1
156
8
-1
66
7
123
1
-1
-1
8
-1
3
-1
24
97
58
10
135
49
-1
-1
26
39
-1
208
-1
-1
136
63
-1
-1
128
-1
33
108
-1
3
7
6
213
-1
39
98
38
-1
2
-1
3
-1
-1
211
25
70
64
-1
8
1
8
3
1
7
-1
104
18
11
-1
16
-1
108
-1
104
-1
41
61
-1
-1
-1
16
2
120
-1
153
-1
4
104
110
4
1
27
2
-1
-1
1
112
-1
200
10
-1
0
-1
6
-1
-1
-1
83
-1
4
-1
-1
-1
-1
-1
30
-1
-1
-1
3
7
116
41
0
87
-1
-1
-1
-1
-1
1
-1
-1
17
0
143
-1
78
-1
-1
2
-1
-1
30
109
161
-1
-1
-1
205
26
-1
